22 3 56 27 82 35 94 55 34 72 63 76 86 86 36 57 45 96 98 23 36 74 36 20 39 31 83 30 87 58 90 67 31 71 30 95 75 40 47 66 46 0 60 76 2 60 19 87 66 33 52 32 11 33 32 20 3 21 13 44 18 42 96 98 1 19 30 18 21 67 47 14 68 19 84 62 91 58 38 54 35 66 8 8 59 66 46 84 50 62 82 55 85 79 51 76 24 68 55 13 
94 32 29 41 22 60 32 4 95 39 71 20 62 37 45 35 94 1 86 49 32 90 15 15 21 87 50 68 57 38 34 27 41 74 74 73 91 61 87 72 43 52 99 93 50 16 3 58 39 17 33 94 70 41 91 73 76 7 66 19 54 89 82 36 29 50 65 13 26 24 30 90 8 29 17 55 38 80 80 80 69 83 43 44 78 87 19 68 84 99 11 19 4 48 40 41 76 73 95 42 
13 90 93 16 48 58 87 4 32 77 89 69 42 87 79 1 73 71 58 72 59 43 68 70 60 12 8 41 45 5 32 51 99 7 99 0 69 11 49 79 99 55 13 21 97 37 78 47 40 74 97 50 99 39 66 52 8 86 5 96 52 62 15 76 32 18 1 54 26 15 84 33 75 33 14 93 22 57 84 42 21 44 80 93 51 6 36 87 66 35 44 58 57 18 25 66 60 45 34 52 
22 16 12 97 28 1 20 36 53 62 15 20 34 1 74 57 42 49 55 81 16 38 96 44 72 59 85 15 95 6 31 96 79 44 92 11 58 17 44 63 46 86 30 99 21 33 71 90 18 28 2 82 44 2 22 65 93 63 56 25 49 58 44 49 32 88 96 95 98 78 94 81 33 47 27 7 96 31 89 37 70 55 66 12 97 10 37 26 28 60 9 16 99 29 52 68 65 84 98 82 
10 80 97 94 66 86 15 46 66 24 65 70 42 30 11 77 86 75 86 57 37 99 21 11 87 14 23 8 10 91 79 47 59 58 41 30 46 27 73 2 43 12 98 55 58 68 72 24 61 21 32 25 93 15 7 86 22 15 50 81 83 22 34 78 73 54 72 18 19 17 90 34 99 95 42 54 58 43 62 82 33 68 32 15 18 98 96 21 45 66 49 31 16 74 89 40 81 70 24 9 
50 90 93 15 42 77 41 90 98 45 28 54 78 44 34 13 53 90 84 13 94 40 27 27 57 65 84 44 9 55 21 19 88 60 19 64 44 65 0 15 14 19 67 56 40 76 41 98 51 52 78 69 11 81 49 36 66 31 32 78 51 21 80 25 91 36 11 9 77 5 43 74 63 96 6 16 27 66 82 10 50 32 91 73 30 33 2 83 56 66 53 43 98 51 8 30 41 74 86 90 
45 75 21 42 11 26 90 7 47 12 76 86 68 34 78 22 57 11 67 90 53 13 70 50 5 67 70 34 96 53 36 60 16 28 74 88 11 47 62 12 8 22 64 21 71 9 32 23 59 37 12 75 67 67 88 55 30 59 54 66 98 39 24 14 26 47 68 74 64 48 11 28 15 70 13 39 13 35 25 60 71 61 64 82 56 45 46 27 28 52 3 13 6 46 23 29 75 26 93 94 
52 41 33 61 70 35 48 96 25 70 28 33 27 44 39 13 62 19 93 45 87 78 22 27 28 47 80 23 32 55 25 68 41 54 63 61 46 64 85 5 55 95 61 83 26 46 83 74 39 44 84 97 91 1 70 52 83 66 48 94 91 99 37 42 9 71 10 28 44 42 59 41 67 78 81 29 64 66 89 24 93 30 84 87 60 25 64 29 13 79 54 18 86 22 88 26 22 59 25 32 
66 57 3 45 5 38 52 72 41 70 84 56 79 71 97 64 46 21 80 26 37 49 67 49 79 60 32 27 59 11 97 95 46 65 0 12 33 17 45 19 85 96 45 85 64 20 98 83 97 98 81 5 91 94 63 85 32 53 74 74 44 67 25 49 83 25 63 70 95 73 41 58 56 85 79 27 70 9 8 49 61 36 23 24 28 16 57 5 40 8 16 98 57 23 82 0 40 39 91 7 
83 19 23 89 51 45 12 55 64 62 18 76 22 51 87 70 46 72 37 62 62 39 46 83 54 27 48 70 51 1 77 8 5 55 88 57 60 91 28 40 62 87 61 90 92 90 77 23 98 69 5 23 24 92 80 49 79 14 74 58 43 52 36 84 21 32 36 49 8 73 73 10 28 11 44 31 16 47 52 92 80 73 62 32 85 83 52 9 52 74 21 73 80 96 10 8 68 92 74 33 
56 77 44 93 46 51 16 78 72 8 65 80 9 62 55 46 1 38 29 66 49 45 24 2 86 8 92 78 36 57 18 54 22 24 31 10 12 39 97 59 6 70 92 51 11 42 34 99 60 80 93 57 22 92 92 13 25 38 72 60 31 40 93 3 32 74 50 76 71 31 82 14 24 97 63 2 36 99 95 70 18 0 20 77 75 58 72 50 85 64 94 10 35 41 59 12 72 91 73 99 
85 35 75 24 36 21 5 84 42 73 71 48 63 63 80 50 29 81 57 2 26 39 61 46 22 76 24 30 28 38 27 20 31 42 86 19 81 81 64 13 7 30 2 71 79 5 94 28 50 79 42 36 4 87 98 50 74 17 94 80 87 85 32 70 34 1 64 6 66 82 77 70 89 81 3 50 87 94 13 92 23 93 64 65 76 32 89 62 25 55 92 30 64 70 33 78 4 12 4 34 
97 36 75 90 98 93 98 77 1 69 6 17 49 83 71 11 60 33 41 84 58 67 44 29 45 66 30 66 31 95 99 33 9 55 75 9 57 23 49 89 38 8 72 7 38 97 78 76 45 92 18 50 37 17 46 68 13 52 14 84 53 90 28 78 74 55 88 88 38 75 26 33 83 57 97 27 60 99 14 8 84 7 77 51 10 89 43 51 80 78 34 79 28 56 65 54 60 88 47 18 
29 12 5 69 46 65 57 68 58 8 78 61 59 83 30 8 73 86 47 58 62 90 29 24 91 39 34 24 99 77 11 83 34 12 7 66 9 16 21 86 60 65 11 9 24 59 12 4 70 34 13 18 3 14 96 54 29 5 29 64 27 15 61 95 73 9 55 75 51 1 81 61 45 62 28 64 25 17 84 47 61 39 38 34 83 36 22 65 12 71 51 58 8 62 5 31 14 24 18 20 
47 78 20 74 7 11 50 84 80 99 65 77 58 66 57 55 79 84 52 50 23 13 43 7 74 86 2 26 41 61 0 42 11 41 11 96 53 44 9 75 0 23 28 95 85 63 15 75 65 56 22 60 30 18 86 86 54 19 9 8 22 80 48 24 50 23 17 92 75 12 72 16 33 43 41 60 82 34 96 0 50 51 23 43 13 67 39 15 78 0 69 6 70 93 19 58 72 24 27 25 
13 53 84 36 23 47 59 64 42 66 91 82 11 4 4 75 72 93 0 95 39 70 83 39 51 67 40 52 49 84 85 51 23 93 28 6 82 97 62 56 99 5 65 79 18 56 8 61 20 10 37 69 66 41 78 88 11 51 80 91 89 74 94 22 42 9 33 74 86 20 87 83 11 41 93 33 77 15 64 64 51 90 67 57 18 93 35 63 44 53 83 2 96 39 46 83 24 96 94 68 
43 15 98 85 80 59 51 64 26 93 27 44 78 27 6 96 50 42 30 70 64 97 32 26 6 95 26 9 6 76 20 29 93 19 10 31 92 58 65 98 35 73 78 26 61 28 49 61 24 11 58 73 61 95 51 50 91 90 42 68 5 83 22 40 12 68 36 84 13 28 93 77 39 40 84 89 45 24 29 76 59 54 75 34 81 42 6 34 83 44 89 57 55 74 25 30 4 5 8 36 
97 43 3 88 5 15 6 13 84 32 21 10 10 33 58 43 47 92 2 22 19 49 60 3 6 61 21 69 74 76 17 40 7 64 40 28 3 24 96 71 56 56 74 6 35 9 79 47 98 15 85 67 29 28 99 58 88 72 13 48 92 27 75 11 59 3 20 4 28 59 61 62 47 51 43 24 49 17 98 63 60 0 11 32 46 14 9 3 83 91 78 92 59 11 91 57 17 64 66 4 
80 54 34 82 31 95 25 32 40 91 61 26 68 90 4 93 35 3 50 49 21 85 31 79 80 80 25 82 24 63 42 92 23 7 2 56 95 50 92 11 24 5 15 8 78 19 35 39 90 99 75 32 48 79 65 24 18 26 64 87 47 43 22 13 85 92 14 35 43 97 19 84 85 32 54 69 58 33 76 33 77 42 60 85 23 49 75 95 8 9 21 63 59 29 15 86 63 79 6 63 
59 72 59 56 39 88 70 2 60 37 80 87 87 71 36 3 90 55 70 32 48 24 59 35 21 33 12 44 15 80 41 53 42 99 71 42 99 85 41 58 53 87 35 22 47 99 60 74 41 81 94 24 1 8 7 50 41 91 35 66 2 9 35 35 14 18 88 66 79 75 4 54 51 59 4 5 51 74 79 14 84 94 66 35 63 29 45 20 11 19 88 40 48 80 65 80 70 24 17 0 
92 13 22 28 55 81 28 12 90 16 98 68 75 16 83 7 97 59 48 85 4 24 12 98 78 15 31 41 59 98 39 61 15 56 76 86 78 68 50 67 20 77 45 11 54 21 76 30 97 10 44 14 74 64 23 21 14 68 56 76 11 76 42 8 58 0 13 28 82 57 23 39 29 48 71 44 41 70 22 3 22 57 54 34 26 85 76 96 46 0 89 32 71 78 21 45 99 9 63 76 
48 36 74 39 41 91 88 61 9 10 4 71 64 53 26 69 49 84 68 27 60 38 33 85 35 44 12 25 76 15 82 88 37 13 69 24 40 36 61 21 8 79 43 88 16 15 91 72 42 81 70 27 78 16 53 8 80 69 61 75 67 89 19 80 92 16 17 28 83 16 50 9 7 59 38 56 32 64 46 90 24 11 27 50 51 68 33 0 64 34 81 67 75 73 46 94 4 92 64 34 
84 35 34 39 23 59 26 87 1 27 71 63 29 35 90 3 63 31 84 89 64 3 67 85 72 41 90 4 83 42 2 31 96 64 54 86 22 39 19 72 79 31 41 95 40 62 52 31 97 49 6 64 69 0 48 94 30 74 72 78 52 54 58 89 35 16 38 86 54 79 68 43 19 39 88 51 21 90 81 92 71 66 25 76 86 61 99 33 16 19 67 42 83 36 5 23 82 36 73 40 
13 79 2 48 39 56 33 91 51 67 16 57 64 62 22 69 2 13 98 23 68 66 76 54 32 48 50 25 51 6 3 70 49 90 84 80 93 82 56 33 96 67 38 75 24 20 4 52 91 38 33 91 53 69 90 33 35 1 14 0 24 78 29 67 21 53 23 6 27 61 60 95 31 44 70 37 31 97 0 60 36 98 34 13 4 85 58 92 12 65 57 95 12 74 11 44 9 92 34 74 
95 0 38 20 21 76 73 15 62 13 65 89 41 14 98 77 19 46 20 69 99 90 74 38 90 20 96 15 37 55 74 8 44 49 41 13 4 57 18 93 27 32 9 96 22 58 72 12 63 48 3 70 12 17 42 33 72 46 93 83 49 38 3 49 86 90 46 40 41 72 14 96 3 82 0 35 15 53 1 97 0 27 64 91 19 6 40 65 97 14 97 49 69 60 92 77 0 76 17 63 
72 88 12 99 66 62 68 53 32 13 12 85 59 86 10 91 1 0 57 94 9 93 65 40 37 27 86 50 68 63 9 38 21 63 5 82 89 10 90 59 41 36 35 6 98 34 46 90 88 1 52 26 80 86 72 48 9 61 0 42 65 78 38 83 61 3 25 78 78 96 45 59 54 71 42 74 83 83 63 36 61 91 98 79 82 71 23 89 21 43 95 68 35 83 42 44 78 73 43 90 
39 65 26 48 99 58 10 9 68 13 78 74 17 11 2 48 55 54 78 44 29 68 2 57 86 76 46 61 42 85 40 70 42 28 92 54 56 20 27 45 47 40 63 7 30 85 17 74 67 20 52 52 70 22 30 11 26 94 5 36 39 43 71 15 25 35 53 34 18 35 20 60 42 19 49 67 30 24 99 75 22 49 86 17 58 39 22 52 96 9 92 99 71 66 97 32 55 36 13 35 
27 65 54 9 79 40 24 83 92 94 79 49 88 29 47 68 30 12 35 40 66 61 78 42 89 96 85 41 36 20 65 69 77 27 72 97 45 61 2 9 7 77 98 36 34 83 88 64 35 85 65 14 41 29 17 51 89 27 80 71 31 79 93 77 38 93 23 99 92 15 16 32 81 78 99 23 58 73 56 25 3 18 11 94 26 27 57 8 54 40 98 32 42 73 72 90 36 18 94 7 
8 98 29 93 73 21 7 74 57 25 56 0 84 31 18 76 55 41 71 88 82 35 94 11 32 2 67 72 41 44 50 58 45 81 55 2 51 50 45 97 32 72 80 32 5 23 1 1 98 56 23 28 52 31 69 37 33 29 1 80 43 69 63 30 87 37 38 26 39 60 50 49 9 18 47 89 14 19 21 20 53 31 96 63 92 38 58 56 5 63 55 65 9 6 40 50 50 75 7 62 
69 37 30 92 86 34 98 40 2 59 5 33 22 60 3 49 46 78 10 55 13 40 64 7 59 27 70 19 50 5 54 1 97 15 36 73 58 62 0 44 15 75 62 49 68 5 11 78 75 68 76 98 15 8 25 15 61 52 76 55 67 75 90 27 87 51 88 77 49 48 10 57 12 47 4 86 54 68 45 99 85 4 85 66 4 43 22 23 31 57 91 13 18 7 19 88 92 20 88 6 
86 5 39 63 65 10 82 79 46 51 21 23 1 74 69 78 72 96 30 98 33 69 58 1 77 19 3 61 74 52 69 3 27 53 28 39 98 86 25 1 3 26 78 22 63 49 3 3 44 21 50 29 51 37 54 0 57 5 60 49 50 29 46 93 95 12 36 60 19 49 0 10 21 71 13 33 28 22 71 51 42 72 37 74 81 29 71 69 71 23 30 48 81 21 36 75 46 73 84 59 
81 28 84 69 92 96 13 15 98 5 94 80 88 9 76 44 35 65 36 16 57 37 82 55 81 14 2 29 36 30 16 98 86 34 24 59 8 87 90 28 95 62 4 58 36 62 2 19 42 21 17 90 93 17 71 89 44 48 42 11 17 13 63 3 55 5 77 66 93 26 82 89 85 45 36 63 40 62 44 36 76 88 27 18 86 98 46 66 12 57 97 90 10 23 50 26 57 59 74 61 
71 2 11 13 90 58 3 21 19 44 57 62 34 15 14 40 7 87 11 99 79 84 50 13 97 63 92 45 74 69 52 53 31 74 61 72 41 92 57 67 89 45 82 89 21 2 6 9 30 61 93 91 20 64 21 5 99 7 62 6 40 31 23 0 27 72 41 7 54 92 57 82 69 77 23 10 63 69 97 19 90 32 81 42 91 18 76 0 97 29 55 77 69 57 6 69 80 90 82 45 
28 22 35 57 73 80 67 40 98 56 30 45 59 84 50 16 32 54 16 16 5 78 92 20 27 79 94 40 75 65 6 14 9 98 0 96 84 6 67 91 17 54 83 4 37 68 33 70 62 31 20 77 72 2 17 33 24 84 86 6 62 1 58 34 60 24 0 47 14 34 94 4 87 77 76 30 24 10 90 55 55 63 38 85 79 53 97 0 58 77 23 2 95 38 8 54 61 23 54 71 
11 89 77 14 30 91 39 94 56 64 68 16 31 84 30 26 37 87 24 71 72 18 88 8 53 20 16 85 4 4 27 71 84 59 72 85 49 81 5 85 97 95 39 28 88 79 29 92 89 27 16 24 26 51 2 85 19 94 2 32 66 99 22 64 79 40 22 73 60 19 84 65 12 34 0 95 79 88 7 85 13 38 42 30 96 44 61 68 75 9 5 94 5 56 48 9 37 92 95 99 
63 96 92 80 63 83 39 45 36 3 79 27 52 85 37 58 6 12 68 5 32 53 25 99 62 11 57 46 66 82 84 78 74 58 53 50 47 12 31 39 43 4 66 41 78 65 87 67 28 29 68 24 2 82 51 71 93 51 40 91 11 15 41 51 57 3 98 73 25 99 81 96 29 90 63 36 67 53 36 81 86 17 44 98 29 20 99 27 7 22 61 9 6 95 37 21 60 16 63 59 
23 50 13 64 8 78 39 63 91 56 21 84 52 57 21 6 57 98 4 14 86 82 30 3 61 66 37 88 11 33 97 0 35 82 41 88 42 8 38 14 86 17 2 57 11 76 66 45 94 49 95 36 72 48 24 25 42 40 96 12 23 13 16 58 51 78 8 71 9 4 43 33 92 49 62 7 1 96 20 54 48 73 23 66 79 87 98 40 91 65 59 82 22 66 83 47 29 60 44 13 
3 78 78 5 77 72 42 34 71 83 26 49 91 10 65 31 13 21 46 86 7 24 98 13 50 22 63 91 60 82 38 43 99 93 76 25 9 70 73 39 90 30 9 26 31 68 88 23 21 24 4 18 26 42 4 49 33 98 99 56 96 5 33 48 20 35 41 69 57 66 44 45 40 13 29 26 5 58 17 63 2 25 49 97 11 43 61 63 77 30 72 88 24 93 66 44 44 74 20 90 
51 22 34 4 87 28 21 0 47 30 64 97 74 68 28 1 0 55 47 58 40 41 37 46 34 78 64 80 90 67 34 51 93 32 48 33 77 91 62 76 31 98 36 36 64 57 35 49 20 73 23 26 92 77 27 31 9 95 44 59 30 57 43 28 77 29 46 75 40 73 35 99 87 51 61 17 88 76 31 6 3 35 16 60 56 96 42 22 33 86 81 85 20 42 82 78 69 17 79 98 
23 95 65 84 85 49 61 38 38 0 90 83 46 43 36 43 31 83 29 79 90 89 72 18 60 72 91 96 95 31 55 39 18 33 15 99 23 15 77 94 58 54 24 64 75 70 87 23 75 6 73 38 29 53 9 87 70 48 23 94 85 17 8 20 69 83 26 17 67 15 80 6 44 86 21 85 51 28 66 40 51 21 97 80 96 58 35 7 18 62 66 93 98 85 27 36 68 93 10 93 
80 47 92 56 69 60 4 23 34 29 89 99 11 4 38 32 72 55 55 94 53 54 51 28 93 16 59 64 91 30 18 91 58 84 29 58 23 64 77 33 17 88 67 95 19 14 99 98 70 34 64 89 73 56 83 7 28 62 10 54 58 52 47 55 97 30 32 52 47 2 81 15 54 94 32 57 91 0 97 27 0 17 79 31 59 47 73 55 94 10 72 9 77 65 96 6 25 60 65 69 
98 33 64 82 38 35 42 36 23 98 52 78 7 1 43 17 76 64 74 6 79 86 34 34 36 30 42 11 66 56 79 73 10 70 49 89 90 3 10 80 96 28 27 59 0 14 89 5 34 63 45 39 71 48 4 87 39 94 32 15 80 64 23 20 73 9 1 4 97 62 75 1 36 30 90 51 86 91 41 53 95 16 87 43 58 61 49 62 71 27 91 73 59 73 28 98 21 70 23 8 
46 7 67 4 20 99 86 17 40 38 78 9 69 55 76 88 93 93 93 79 66 79 14 17 91 35 91 52 72 56 92 92 55 12 70 88 9 48 99 29 0 57 4 15 50 23 91 53 26 80 86 80 9 59 74 27 32 42 59 58 61 92 27 56 43 11 29 13 9 77 20 72 73 29 84 81 77 57 57 30 74 62 98 79 1 95 15 28 39 57 41 18 35 91 89 17 26 13 12 4 
46 6 46 41 95 30 70 70 42 45 33 56 90 14 25 44 20 31 56 87 62 77 69 30 60 15 10 97 87 62 42 44 58 75 53 44 2 80 38 47 16 27 60 78 52 17 56 5 0 67 58 84 22 71 62 53 83 12 97 35 40 41 36 77 3 11 84 1 30 94 54 67 89 95 13 88 10 87 66 56 52 90 84 76 4 41 68 76 0 56 30 12 32 0 65 12 48 92 27 73 
47 98 77 14 96 65 77 59 42 8 25 52 40 5 79 34 91 27 57 14 23 69 67 22 44 57 94 84 80 84 11 71 85 82 89 36 93 68 12 2 94 4 90 42 71 72 22 70 98 43 86 75 12 61 1 68 18 73 10 21 37 72 4 80 76 43 62 42 12 57 17 81 44 98 11 69 43 35 2 45 43 67 78 67 43 94 39 66 99 72 90 15 2 96 81 98 52 45 94 31 
74 40 64 33 70 19 28 5 95 62 83 62 69 48 39 55 77 85 19 45 63 85 70 87 75 47 59 35 9 55 34 36 41 41 35 9 79 67 4 19 19 0 32 1 91 74 33 2 84 1 29 8 87 46 9 84 4 3 62 79 12 47 33 15 30 39 51 1 79 10 28 69 87 59 29 58 23 69 85 97 57 68 26 8 9 89 56 15 21 30 53 61 51 27 52 22 74 36 7 49 
78 16 44 82 91 93 92 70 72 57 75 54 1 24 10 71 70 55 86 15 7 77 36 93 56 40 90 5 83 46 73 6 80 28 55 39 68 15 10 20 50 33 74 91 2 34 20 39 43 52 28 52 88 84 92 95 85 66 93 6 23 10 89 67 25 92 21 90 36 88 86 69 97 67 75 80 66 78 69 64 31 60 73 18 13 6 73 67 32 57 33 99 0 20 76 5 49 18 92 38 
0 98 90 56 58 89 33 87 43 92 44 4 69 94 98 70 6 89 6 90 84 32 11 16 80 19 58 71 88 91 73 55 77 47 70 97 35 40 21 78 3 95 6 5 95 72 6 55 44 95 24 20 64 80 79 83 33 73 30 97 78 30 67 38 1 92 79 56 69 95 74 12 60 97 26 18 76 16 91 17 85 9 2 87 30 97 84 90 21 32 1 55 52 61 59 10 90 77 49 6 
64 0 17 74 16 92 77 72 12 51 38 65 71 99 89 9 33 11 95 20 51 33 82 2 44 42 64 27 38 66 79 98 57 1 30 11 18 25 79 78 34 37 53 98 56 24 40 73 61 22 71 86 11 68 94 65 84 3 84 2 31 39 46 28 18 83 84 67 30 32 19 88 76 73 36 44 14 58 20 16 66 34 29 27 5 13 64 56 70 42 79 78 27 35 33 73 81 66 76 47 
64 64 98 66 1 93 10 96 64 31 65 85 64 82 12 79 21 63 61 28 0 27 70 27 8 75 65 16 12 10 93 13 16 31 51 57 38 99 88 37 10 92 86 72 39 11 17 71 63 4 93 12 68 0 97 81 1 35 73 57 13 38 44 64 62 91 59 48 13 0 74 79 3 77 68 45 7 33 68 93 15 38 43 20 36 35 59 33 82 43 62 69 79 84 32 17 30 57 9 72 
23 40 63 98 13 74 70 53 48 96 8 99 77 54 35 5 63 10 13 7 43 83 80 75 9 46 46 90 60 61 26 72 92 30 71 99 55 59 93 23 11 51 78 37 33 27 98 69 41 7 6 85 92 54 10 71 33 61 37 62 45 23 13 4 13 56 43 9 93 59 8 59 38 88 37 82 16 23 4 23 29 75 43 13 85 14 48 1 78 1 78 5 23 82 12 36 76 68 79 57 
12 55 64 42 11 29 70 2 72 20 33 20 49 5 52 62 62 69 64 22 40 78 33 88 83 95 68 45 70 23 2 62 6 51 17 35 36 35 52 97 98 56 67 98 60 87 52 68 11 12 95 97 43 67 53 38 30 10 7 22 20 81 25 72 88 99 94 6 27 6 16 60 7 85 5 68 46 79 19 96 69 26 28 39 15 53 87 79 50 23 93 67 77 70 55 31 86 39 31 76 
54 74 54 46 25 15 9 87 32 82 54 33 54 77 17 3 44 88 34 32 81 54 61 60 28 21 53 12 45 34 5 4 27 42 45 71 98 40 87 21 32 28 81 0 35 87 26 57 23 28 55 76 38 7 24 94 27 72 39 46 23 29 68 30 85 51 61 12 49 11 25 89 35 53 47 43 97 61 60 45 6 29 33 51 20 37 34 69 25 93 24 61 61 92 11 39 99 46 64 75 
22 91 40 44 57 64 93 4 38 95 63 92 46 54 41 30 81 25 50 99 70 57 41 14 52 75 31 26 7 36 71 27 4 37 99 92 15 71 15 55 40 33 54 65 0 1 79 8 16 67 36 10 78 11 81 88 67 86 36 99 12 40 29 97 5 89 35 12 55 20 64 58 33 75 26 44 50 36 34 77 73 79 37 73 64 69 60 95 61 84 37 10 82 77 4 75 44 75 63 96 
27 60 52 7 31 8 14 22 18 32 87 93 80 1 65 1 11 81 52 44 72 15 22 56 85 2 52 44 25 38 65 85 77 43 80 57 97 37 23 66 50 61 37 73 17 52 75 89 28 1 51 33 87 9 52 12 21 8 90 21 68 15 1 58 51 24 8 89 39 54 68 24 32 2 49 24 44 77 96 5 28 87 13 97 74 55 63 99 54 55 90 77 41 91 36 75 24 97 51 82 
53 7 74 89 78 1 38 87 37 40 99 1 55 64 15 89 85 57 30 12 85 11 15 48 97 71 78 76 75 56 82 40 79 92 1 32 34 40 81 92 88 89 93 38 85 63 93 99 52 6 2 63 40 76 85 98 98 50 6 10 46 98 32 31 9 60 52 65 15 8 41 6 6 28 30 87 27 18 6 38 23 48 71 72 84 21 78 88 29 39 9 5 12 59 22 16 83 85 71 85 
65 93 11 46 45 76 1 32 87 63 2 51 66 13 99 72 78 87 96 69 54 37 82 67 45 43 96 18 57 57 12 94 28 54 35 66 78 47 70 34 39 39 91 40 57 54 93 6 48 54 63 25 54 61 62 14 85 57 25 22 35 53 64 11 80 89 52 45 26 31 47 68 53 22 34 40 96 75 63 62 88 66 64 97 55 19 57 73 4 46 33 7 37 72 94 93 65 28 23 55 
27 45 41 50 71 56 22 40 91 31 98 9 20 43 70 24 3 67 50 20 38 91 5 81 68 64 40 50 87 40 67 1 99 56 43 77 91 24 33 30 71 36 21 90 70 36 14 6 93 17 1 40 23 5 49 44 10 99 18 29 90 65 93 78 9 22 78 24 19 11 3 61 78 84 69 61 29 71 16 36 64 0 7 96 96 47 96 97 64 34 81 62 11 43 68 10 8 13 17 43 
54 74 93 9 70 28 81 58 81 6 23 37 10 2 8 29 55 4 35 95 15 13 57 54 20 85 17 85 62 26 2 31 32 67 19 15 21 36 74 26 50 38 68 25 70 25 83 25 1 67 78 26 25 32 49 56 22 8 52 84 54 73 49 62 49 86 24 78 21 63 3 88 55 66 14 80 68 58 85 82 99 69 95 39 76 75 34 32 86 28 48 82 44 90 15 59 37 97 73 62 
8 23 65 49 14 28 10 75 8 48 9 44 79 74 49 77 99 9 27 23 46 1 98 52 48 97 32 83 28 66 53 56 4 74 64 88 78 26 64 45 10 57 56 97 39 86 22 8 38 59 53 16 4 15 57 57 94 97 39 48 82 31 81 10 44 1 11 61 64 73 75 19 10 67 2 39 73 41 91 0 52 65 43 7 91 66 2 25 90 87 13 73 63 98 92 75 48 72 91 40 
86 45 63 56 28 83 62 82 43 50 87 82 87 91 70 73 38 49 0 44 32 12 42 90 63 11 15 88 48 43 95 74 61 58 45 40 64 93 61 12 76 90 35 5 2 53 46 33 11 97 76 31 60 37 52 44 10 84 2 55 64 22 24 54 33 96 89 51 34 41 94 31 96 9 14 58 69 50 58 19 5 82 45 65 99 49 78 90 29 32 60 71 92 36 85 85 83 82 22 2 
38 55 66 82 94 27 29 48 80 72 98 8 16 76 17 51 23 55 62 97 74 42 58 97 80 2 91 81 21 5 97 92 89 50 24 22 96 96 75 83 7 25 4 54 36 55 17 23 85 10 85 7 7 71 51 19 60 52 65 4 25 61 90 89 49 95 53 86 89 75 5 31 71 6 81 92 61 98 3 11 58 95 70 78 10 43 56 88 44 10 37 94 69 46 99 18 0 46 12 18 
29 58 95 89 42 94 80 31 47 55 51 7 28 74 13 46 77 54 8 9 93 48 72 65 31 96 15 2 68 11 2 74 69 7 44 80 73 91 91 61 86 8 64 25 65 99 20 21 22 3 4 92 17 93 84 47 81 46 84 21 63 50 31 27 63 91 45 56 65 15 10 49 2 49 3 83 52 41 69 29 3 91 32 68 9 94 89 79 61 70 47 88 44 78 14 52 60 14 45 98 
36 43 42 39 83 68 48 20 56 26 44 5 67 59 99 97 78 15 78 78 42 78 63 74 86 64 40 78 12 79 49 49 52 99 99 24 50 96 42 41 27 28 70 98 98 44 41 4 46 12 16 75 96 83 53 47 79 60 4 71 4 0 88 9 27 31 32 3 25 60 49 9 64 80 51 99 80 61 83 4 55 89 11 10 23 0 92 36 98 74 11 81 82 19 47 79 27 71 34 25 
58 29 90 84 79 65 22 76 93 57 73 45 92 74 74 68 27 51 49 95 27 34 4 0 60 21 6 18 62 38 40 44 35 75 13 87 68 53 35 13 17 47 18 31 60 78 25 11 8 22 47 47 74 52 68 30 52 57 96 14 30 73 55 66 6 6 85 32 11 2 44 3 32 20 47 99 49 34 61 17 34 7 3 33 55 27 31 57 4 17 46 48 74 0 62 38 53 29 3 98 
68 54 10 17 50 0 80 13 58 62 82 38 1 67 89 31 74 48 88 72 27 60 35 99 22 99 18 85 26 62 82 22 47 39 72 4 47 15 64 95 39 34 63 73 9 69 32 76 47 19 15 80 28 13 72 3 46 34 83 78 72 51 31 6 8 38 4 22 67 25 31 67 92 5 89 62 55 12 57 64 43 0 26 32 21 41 20 96 74 56 60 97 35 85 18 9 59 22 58 82 
19 65 42 8 65 25 15 29 33 35 3 56 8 2 74 20 9 80 0 7 78 7 61 71 63 20 62 87 57 13 27 97 41 5 13 95 90 88 6 71 72 48 43 71 39 27 58 21 36 65 91 91 14 41 4 3 63 79 79 61 4 53 43 97 75 83 51 98 47 15 34 99 33 25 32 58 53 25 76 82 38 74 62 65 86 3 14 77 50 96 6 6 58 3 9 53 91 76 21 15 
0 74 78 69 6 14 23 91 8 33 72 67 23 81 5 43 15 92 90 53 61 33 71 98 21 79 42 53 63 27 78 42 58 56 23 46 85 1 20 44 18 79 31 48 91 67 39 0 3 58 38 4 73 27 93 6 11 81 61 57 57 22 99 98 83 75 96 77 25 73 22 17 9 38 45 14 82 84 69 69 35 3 38 13 58 82 49 93 98 32 95 42 11 11 24 99 16 57 98 50 
17 17 49 68 23 76 77 24 29 52 94 16 12 88 11 44 56 42 71 83 64 6 11 92 60 47 76 25 18 55 36 34 83 62 82 87 51 11 99 22 98 59 71 32 16 85 21 2 72 82 50 97 8 29 54 37 36 58 8 13 60 5 27 7 42 4 21 93 1 12 93 61 90 32 11 37 13 94 67 6 8 20 34 82 46 50 72 87 39 36 59 66 33 63 58 28 82 43 62 63 
28 71 77 4 38 0 19 80 49 31 94 21 33 70 28 82 42 69 24 61 65 81 97 76 43 4 94 30 87 46 19 36 38 32 79 27 36 63 55 67 22 95 85 17 16 89 96 65 40 5 39 92 14 24 12 71 9 25 39 95 9 54 3 16 18 22 68 19 18 57 2 41 43 79 97 84 23 32 89 0 4 32 88 55 46 38 14 0 34 42 36 14 96 76 44 63 36 95 51 11 
10 53 4 31 72 91 61 17 56 29 84 78 42 44 20 38 57 95 75 11 4 59 38 92 32 90 30 38 13 85 13 79 74 61 27 99 21 27 50 61 10 74 84 56 50 86 86 41 7 75 92 42 22 28 36 7 98 76 11 24 47 81 10 80 37 91 92 32 46 35 76 67 17 69 14 49 68 58 47 41 56 54 13 67 36 93 31 89 40 56 20 38 23 27 37 13 23 60 82 83 
91 14 26 35 72 16 22 69 20 12 70 93 97 51 17 81 10 13 62 6 3 16 88 18 5 50 35 54 92 16 35 95 44 58 60 74 73 87 47 56 47 87 64 65 84 52 0 45 28 73 78 8 32 14 96 38 42 35 15 27 32 51 43 40 45 69 48 39 11 28 85 43 3 8 45 2 11 11 24 9 86 37 66 21 5 44 91 62 96 83 94 1 67 52 27 22 82 12 63 30 
14 82 94 61 94 55 0 59 96 89 66 91 97 97 55 53 64 3 35 48 81 48 36 87 85 49 31 2 91 66 88 91 74 32 83 66 38 92 62 72 61 13 33 3 55 57 81 18 15 58 20 86 55 71 4 42 6 4 54 71 93 65 45 11 16 63 55 43 73 71 66 22 60 85 87 80 69 44 55 78 36 15 27 92 64 15 74 1 82 86 53 49 54 31 66 57 94 99 67 7 
81 28 25 96 47 3 80 22 68 7 26 9 30 12 28 76 66 94 27 44 33 62 11 49 59 69 88 10 65 27 38 98 32 22 23 34 69 8 89 57 90 46 53 57 37 58 82 44 71 42 87 31 75 74 33 78 9 7 23 56 17 81 42 52 73 98 87 12 46 40 82 10 97 13 69 88 92 69 78 95 34 80 49 95 93 32 14 8 82 57 22 33 71 55 43 70 36 52 17 27 
26 11 18 28 23 16 46 9 33 25 91 94 27 16 50 87 65 13 43 4 12 87 14 21 45 50 62 8 1 68 86 79 89 69 10 59 94 47 95 5 63 13 90 96 6 74 2 63 9 69 28 57 78 48 62 42 57 6 47 88 64 18 42 18 51 97 33 75 13 17 4 39 14 91 30 85 75 37 88 64 35 52 40 23 8 45 43 2 57 95 33 92 5 21 40 2 56 16 16 45 
99 27 70 87 54 13 28 10 54 70 0 69 57 82 67 51 77 74 36 13 63 61 81 31 16 90 77 70 16 82 78 0 22 61 25 1 48 44 24 41 43 94 39 38 86 86 62 84 83 11 66 33 22 51 74 9 73 21 88 70 75 91 0 65 65 27 80 14 26 84 13 84 62 46 77 80 97 26 97 94 33 88 61 0 13 82 57 27 36 30 50 31 77 71 50 91 96 80 84 1 
53 96 48 3 7 21 61 74 68 32 68 81 83 24 56 97 18 74 26 12 13 85 15 92 63 89 51 58 95 2 60 82 58 58 8 21 31 98 48 48 6 72 97 42 9 57 31 17 80 15 4 21 93 9 74 2 39 14 88 78 62 55 5 26 67 72 26 94 28 40 97 10 83 52 63 32 31 45 36 63 79 33 71 72 14 12 91 23 47 19 36 20 78 24 27 40 41 19 97 2 
48 68 13 45 7 79 68 36 90 65 60 19 23 23 1 43 98 52 75 29 57 13 24 15 69 81 1 80 9 79 2 90 49 54 3 12 82 28 5 32 36 16 74 13 20 50 19 42 47 82 38 71 7 75 7 92 48 81 16 47 58 67 49 61 45 54 53 88 44 84 57 62 74 80 48 50 46 50 12 3 15 33 99 78 67 88 98 37 75 38 63 20 47 41 1 15 62 48 20 56 
97 27 32 30 21 63 62 81 74 95 21 24 36 95 23 25 7 35 1 68 95 46 11 19 66 87 78 13 10 99 2 80 42 45 28 63 11 86 5 3 74 61 49 65 60 42 10 64 94 73 7 29 62 90 67 49 2 34 30 9 80 93 39 36 13 93 35 20 62 29 73 86 87 24 50 76 54 67 35 60 60 58 68 58 54 6 80 85 11 10 54 90 43 32 42 41 11 33 97 24 
36 52 65 84 82 99 40 39 98 86 82 20 73 54 25 25 25 18 5 87 77 83 81 65 93 41 0 62 33 27 19 20 15 7 26 93 93 71 92 97 55 31 76 64 97 56 46 90 81 1 7 23 20 20 93 76 65 95 72 7 9 40 60 86 29 61 39 87 57 28 34 55 39 90 13 24 28 66 50 43 9 84 90 74 24 63 30 90 79 28 27 29 37 8 41 94 24 71 61 20 
7 94 53 44 13 2 32 77 62 54 18 70 13 51 29 31 73 18 25 4 7 86 9 95 12 70 2 38 59 13 91 88 10 28 26 24 86 61 14 78 95 61 90 18 76 70 44 99 47 66 2 9 33 74 97 49 61 36 42 84 46 83 34 33 61 28 53 83 84 45 42 24 87 31 57 28 68 29 29 88 94 87 72 89 26 48 84 44 46 48 18 19 41 61 70 45 94 92 60 74 
16 54 45 61 30 76 39 3 72 72 14 96 62 32 39 60 32 84 65 14 58 23 77 60 88 50 50 51 4 93 30 72 6 42 59 11 17 79 45 39 52 90 7 59 64 91 65 31 84 78 13 38 53 45 24 18 75 72 70 32 19 35 1 85 95 80 55 74 38 93 75 64 25 68 57 24 10 54 0 5 98 77 71 69 91 2 87 33 42 1 32 75 67 61 38 46 37 27 49 29 
51 42 52 63 53 6 83 19 78 50 20 46 71 50 28 45 60 17 85 73 77 30 41 44 40 85 60 18 69 60 35 64 74 18 25 19 81 24 82 84 74 7 58 83 81 53 7 9 80 19 94 67 17 74 16 51 98 21 47 25 48 79 38 83 33 49 66 77 5 98 58 67 44 28 5 67 54 62 45 54 7 72 48 74 80 3 79 21 65 22 1 20 73 36 65 62 10 67 33 39 
70 87 18 65 59 83 74 18 37 37 82 78 93 8 4 10 3 67 94 85 97 8 48 14 95 66 58 62 27 7 17 39 98 72 15 18 58 10 37 77 85 57 65 31 54 99 13 92 35 7 98 56 19 7 36 83 16 31 5 19 67 42 60 41 34 85 72 40 47 54 89 51 76 27 19 37 79 49 76 27 42 51 3 24 81 78 42 32 51 5 31 43 46 12 63 95 35 82 90 65 
65 95 83 8 33 31 3 99 46 69 92 51 6 79 60 91 72 87 61 56 32 85 36 96 16 97 17 23 40 35 73 96 12 49 62 8 60 45 90 97 72 72 15 97 25 23 98 69 45 0 19 15 38 90 27 81 21 8 3 37 36 36 0 22 92 68 59 76 81 29 91 23 38 74 85 56 45 2 48 84 50 90 57 97 67 90 52 79 45 31 96 75 97 96 27 38 5 7 34 95 
32 95 55 50 90 59 75 84 61 89 19 38 73 28 81 19 30 76 33 48 32 20 57 7 6 84 47 52 51 59 34 14 65 10 78 24 74 19 41 30 17 76 58 79 60 28 51 88 87 87 63 63 26 32 9 96 67 52 96 52 94 20 31 72 16 95 55 76 69 9 66 36 73 43 54 97 29 68 19 13 15 56 17 37 39 27 61 67 64 36 81 35 2 54 54 5 37 22 62 39 
14 26 23 77 5 22 3 66 59 65 24 57 72 99 1 64 48 68 49 71 65 63 55 44 36 96 27 77 60 83 13 35 55 34 43 18 37 28 8 65 30 40 34 16 99 83 67 19 27 21 0 24 82 79 5 99 90 52 57 49 66 89 61 87 67 69 47 21 9 3 13 55 54 14 70 14 20 66 40 82 49 24 94 34 83 46 64 69 62 28 81 4 21 10 37 4 54 35 47 9 
9 37 4 7 7 14 16 0 72 54 20 50 55 14 9 6 12 17 4 61 10 37 59 26 70 60 6 69 24 71 10 67 45 7 38 5 1 2 71 21 77 12 78 30 83 35 7 71 1 96 0 63 28 91 69 60 10 80 83 78 13 23 64 73 33 76 14 41 76 12 68 85 73 52 95 6 71 99 8 58 26 6 9 12 6 74 90 73 83 94 82 39 61 5 94 37 46 66 6 56 
40 10 22 93 10 78 58 7 22 53 61 17 16 93 22 51 2 41 16 33 19 13 28 69 69 98 72 59 66 75 26 1 1 37 78 8 90 9 96 8 71 19 65 2 45 51 7 36 7 81 4 37 93 3 52 31 71 26 97 37 62 64 63 37 63 32 35 22 32 55 76 29 88 15 85 57 39 33 74 68 72 54 97 36 28 46 26 2 36 8 58 29 83 9 13 70 99 9 50 88 
32 74 43 98 4 2 1 52 4 75 1 94 87 24 0 50 98 15 0 0 96 73 35 23 27 38 43 55 43 82 39 20 5 83 45 92 19 72 56 57 66 33 12 70 39 23 36 56 94 98 55 23 84 50 63 65 8 3 30 17 33 68 73 97 17 46 73 98 97 24 83 68 59 14 72 64 12 87 94 28 20 7 90 47 62 5 70 33 89 71 57 34 3 55 48 52 47 18 92 81 
2 92 37 71 41 51 17 93 90 87 77 69 96 5 71 58 96 6 41 31 50 99 49 56 87 99 18 87 55 41 5 16 98 14 63 56 47 92 90 12 89 68 86 40 58 42 6 90 13 59 52 57 82 31 69 18 83 64 24 93 53 37 61 91 77 95 68 66 29 5 11 94 94 74 77 99 58 88 12 87 72 6 2 73 31 59 90 57 25 9 5 95 34 55 43 6 35 79 45 46 
87 14 6 18 83 53 29 33 64 64 81 35 71 93 80 34 88 67 60 31 76 35 15 7 72 95 48 6 65 81 46 95 5 91 41 76 37 57 79 54 93 82 40 68 65 66 33 57 29 90 30 4 64 82 38 43 92 41 7 46 57 83 14 45 83 67 20 8 68 73 54 7 75 1 62 65 14 78 66 52 74 50 60 18 52 86 47 7 34 0 97 90 36 71 14 56 69 55 96 95 
89 94 7 59 59 7 26 15 74 16 75 62 99 53 19 95 34 91 6 33 87 29 34 55 27 34 37 49 91 23 52 64 74 12 45 11 42 66 17 85 1 38 11 84 25 28 83 34 37 8 34 51 21 40 5 60 48 32 32 71 29 27 53 87 69 27 69 21 34 67 63 19 83 38 50 52 86 54 0 48 86 54 12 53 90 1 75 41 89 93 70 67 12 39 35 49 12 71 3 11 
33 18 95 77 40 45 61 53 3 69 61 23 71 49 7 21 96 60 15 11 37 16 12 39 50 54 41 9 13 15 26 65 45 46 89 60 92 95 0 75 45 23 26 97 49 13 12 5 57 57 70 29 75 71 46 57 68 85 88 75 11 32 10 57 32 69 94 47 91 24 82 63 94 25 4 46 76 38 10 45 8 15 91 27 25 60 47 13 43 32 67 63 42 67 84 97 1 17 98 30 
54 3 80 28 52 67 71 93 40 19 42 43 29 79 3 90 66 60 83 97 29 83 11 38 46 30 68 48 76 47 96 46 31 46 89 38 65 97 78 74 94 54 40 33 19 45 42 41 50 15 80 27 36 78 60 39 90 37 38 43 97 31 61 42 35 27 62 26 31 47 53 69 24 77 91 6 92 65 47 16 57 72 19 15 51 41 57 19 12 78 92 69 83 65 37 11 83 99 79 83 
96 36 98 3 48 25 75 83 79 75 31 63 67 17 7 99 77 51 58 9 12 39 25 10 40 92 39 23 86 14 39 65 90 69 83 43 16 74 62 79 56 98 85 11 60 0 5 17 68 9 24 81 56 45 51 82 88 81 95 60 91 59 35 21 56 42 92 5 46 31 13 38 83 43 70 63 80 82 36 64 59 67 59 91 9 60 74 90 93 53 70 49 8 28 14 93 54 63 46 13 
17 14 11 32 40 42 89 36 39 55 78 33 2 29 34 36 3 16 60 5 8 78 72 63 80 15 53 56 60 0 9 8 77 69 66 94 16 11 87 88 14 82 63 75 29 54 2 59 34 45 26 24 65 16 80 49 50 17 79 7 98 36 48 34 5 85 42 87 85 50 80 93 43 97 21 38 24 56 86 81 99 54 87 5 80 13 15 71 60 38 49 44 76 45 43 53 47 50 96 31 
72 82 27 3 35 34 33 30 83 29 15 0 24 84 40 2 50 35 8 2 81 14 6 22 14 49 11 3 82 23 8 11 14 17 92 8 99 2 5 24 86 26 97 62 71 11 48 31 21 99 92 56 89 52 87 25 84 93 44 99 50 2 49 42 33 81 16 54 37 41 37 51 97 19 43 87 98 51 25 66 91 45 78 32 52 97 52 34 75 8 42 38 27 17 48 28 99 59 47 89 
87 31 49 4 61 63 37 41 31 88 43 81 34 65 51 35 10 30 16 88 53 80 44 22 89 73 56 6 30 50 36 43 88 87 88 37 4 72 9 38 92 73 3 8 80 35 67 51 64 1 56 24 71 75 62 5 9 38 50 7 28 76 80 90 39 95 22 68 67 40 56 33 71 32 57 73 4 54 25 11 16 94 35 72 98 54 85 15 57 24 61 87 44 11 47 50 10 9 44 9 
79 52 89 27 59 23 52 66 97 40 98 55 99 3 42 90 48 93 9 91 6 6 50 67 41 16 80 85 0 54 74 62 10 76 90 99 40 11 57 38 65 63 97 4 14 18 56 98 19 88 1 17 93 1 29 94 5 39 27 73 41 57 19 97 86 4 79 73 2 27 63 34 99 12 43 21 59 36 82 78 93 87 5 25 52 26 37 12 63 12 81 65 33 52 44 10 10 11 21 86 
