73 48 85 81 49 26 80 35 93 58 40 37 86 39 30 6 60 69 23 30 82 77 90 18 59 81 62 31 46 69 34 41 37 51 18 49 54 26 85 21 70 96 87 76 85 14 77 70 42 71 14 92 22 9 8 75 59 43 55 69 23 18 54 81 67 46 12 12 29 55 81 24 83 41 21 76 5 61 87 40 4 26 10 2 5 38 8 21 38 60 88 29 40 90 78 19 61 58 84 83 
94 47 95 59 75 81 66 54 21 72 79 96 64 13 4 3 23 41 55 95 41 88 44 2 65 70 43 44 84 51 74 69 85 20 61 86 25 39 40 16 61 91 71 99 37 14 15 68 18 15 17 13 10 87 72 85 50 29 88 86 36 21 77 38 50 15 48 78 43 13 48 73 33 18 59 84 3 7 16 28 15 73 4 68 22 21 72 93 27 29 66 88 45 72 45 22 57 91 74 18 
4 33 57 22 29 4 16 35 41 17 74 79 22 54 35 67 85 21 3 74 12 80 64 3 76 7 60 14 23 94 59 66 16 99 17 25 89 54 50 76 97 64 46 9 64 81 0 27 76 24 82 72 69 80 15 33 55 67 19 33 10 54 98 94 87 85 76 5 1 93 80 80 82 75 12 71 43 25 32 74 97 71 48 24 14 79 91 85 8 96 85 27 31 93 60 23 89 98 35 47 
37 30 31 30 4 80 7 44 48 51 70 50 90 35 34 29 7 81 3 83 29 10 4 73 83 13 89 12 26 45 22 97 17 32 2 87 7 9 96 68 84 7 62 7 57 99 27 12 60 12 3 60 76 25 84 10 76 75 68 70 2 11 52 29 78 14 66 90 31 99 62 44 70 29 94 39 4 74 40 95 34 82 53 94 39 28 90 2 72 54 21 48 53 44 65 79 2 15 3 55 
17 22 82 3 37 68 96 88 30 47 9 96 71 89 18 76 76 9 10 46 78 16 14 10 15 32 31 9 26 24 68 78 3 54 23 37 39 2 0 41 71 7 93 91 97 47 9 71 6 94 55 61 86 79 52 28 21 30 0 81 99 17 89 68 26 70 74 99 7 89 51 59 26 10 44 86 50 61 71 93 17 48 62 99 35 80 81 59 37 32 20 79 84 94 36 40 91 19 19 3 
89 10 33 21 29 20 4 83 56 54 63 33 29 34 22 73 83 75 21 66 28 0 96 17 96 67 82 26 32 53 29 92 48 0 1 43 11 32 70 78 86 36 47 28 62 90 56 21 69 76 36 89 27 67 19 73 33 7 14 67 87 60 65 3 66 13 87 25 68 48 33 25 59 1 59 21 64 22 68 14 45 78 89 53 61 69 43 18 38 71 21 14 18 64 14 2 2 88 97 12 
64 6 38 78 13 34 13 40 87 71 93 45 47 66 92 53 93 77 9 85 6 99 2 99 63 57 53 48 68 84 40 23 60 11 24 16 67 35 58 21 79 17 83 40 27 77 94 1 85 69 15 33 47 23 95 31 17 2 85 66 25 14 75 91 82 75 85 48 21 60 21 45 88 8 55 18 53 96 51 86 64 19 53 50 20 55 12 97 11 68 99 2 11 46 24 27 23 78 5 9 
59 52 99 71 27 28 77 59 10 70 94 39 85 12 2 57 33 98 74 29 75 91 46 70 87 63 55 19 43 67 62 63 45 5 71 3 42 32 44 8 92 94 28 72 78 32 35 60 42 41 9 36 4 43 31 42 57 7 13 35 99 31 53 70 63 33 79 26 10 77 41 64 16 15 64 9 62 99 12 70 20 57 16 40 26 68 86 52 46 0 10 20 13 26 4 51 41 37 47 31 
44 27 43 64 79 70 55 83 97 4 84 52 53 7 72 8 33 9 30 30 88 23 37 97 7 76 63 53 59 41 72 90 82 42 83 62 59 79 29 73 67 8 63 4 14 74 92 49 17 20 8 0 73 40 91 34 4 45 34 89 78 48 54 88 70 26 85 84 18 86 49 4 28 75 51 17 87 25 65 21 70 47 23 12 35 3 7 44 87 97 44 25 8 56 4 20 47 14 64 9 
99 83 59 42 1 73 1 7 9 11 91 23 48 82 0 16 92 83 34 49 78 67 81 67 10 75 7 90 84 48 89 18 93 53 40 70 0 70 64 91 62 41 37 67 8 83 91 84 79 70 19 56 60 28 90 39 57 74 86 51 55 2 23 82 10 30 16 77 78 74 45 76 12 75 83 46 68 13 35 86 76 10 59 42 17 20 3 31 7 73 74 98 63 57 19 1 73 0 14 1 
52 60 7 98 41 25 83 91 17 99 28 56 82 32 86 1 96 23 79 61 34 44 42 39 44 28 20 4 54 72 71 89 36 41 36 58 15 59 94 50 8 46 63 17 79 20 39 68 15 48 67 41 93 14 39 58 34 69 59 14 9 37 66 65 12 1 76 79 77 28 51 48 23 22 84 90 94 77 67 92 85 49 38 77 51 29 85 88 65 2 63 15 74 13 84 70 58 92 64 49 
90 73 59 88 16 71 26 26 75 29 57 0 55 44 57 39 66 87 39 68 41 53 77 55 69 94 17 51 20 34 56 52 0 18 37 50 34 0 50 33 46 50 74 28 99 26 11 22 5 41 38 87 90 83 77 75 30 37 28 0 76 54 35 65 66 75 71 59 24 91 75 51 20 69 85 60 30 19 77 51 52 94 57 8 13 91 58 10 73 14 94 57 4 13 42 60 96 12 89 54 
4 26 42 45 19 70 35 25 24 54 59 13 7 76 45 39 4 12 5 57 66 85 94 39 11 11 72 3 14 76 96 15 17 94 51 78 52 57 75 58 90 33 80 56 18 29 93 4 92 49 65 42 89 94 17 74 5 80 82 24 96 76 4 35 75 15 57 6 75 81 30 79 34 22 25 52 85 51 66 68 42 80 39 19 75 40 22 32 94 60 16 10 94 69 28 20 90 16 72 46 
61 55 32 49 29 62 1 10 52 60 68 6 44 47 50 36 34 8 82 67 50 90 9 81 16 64 29 53 70 95 37 77 64 39 20 7 48 29 37 25 52 60 10 42 24 62 51 35 0 6 4 6 77 16 21 50 47 60 70 27 59 14 12 7 54 49 75 5 62 35 24 26 59 9 80 9 8 79 82 22 79 22 73 90 47 16 37 56 57 76 60 16 97 78 48 5 49 85 84 40 
6 27 39 99 70 17 4 18 54 85 38 65 1 36 81 37 28 75 97 36 31 79 79 3 24 91 22 66 51 3 8 19 18 27 85 62 26 50 15 25 17 67 7 86 41 11 91 45 88 80 64 20 2 94 14 84 13 61 2 82 79 42 82 94 97 21 91 27 85 54 24 98 85 54 70 79 22 32 76 22 96 53 63 34 20 33 25 32 34 99 43 74 61 31 83 30 11 66 5 96 
21 2 8 18 77 42 95 59 54 3 15 86 50 88 74 30 83 56 18 98 24 55 61 57 48 18 27 33 23 26 38 7 24 49 62 41 83 63 9 7 24 48 97 3 16 83 96 90 6 15 98 78 52 11 93 71 38 35 37 26 35 96 19 87 68 5 12 1 86 20 29 26 72 79 13 49 92 0 93 56 84 45 20 17 20 56 71 88 42 70 46 38 42 46 39 61 36 32 94 48 
38 86 63 52 50 56 0 42 40 75 50 67 63 67 37 30 62 13 46 41 88 62 25 15 41 78 11 12 67 47 90 37 56 70 42 81 94 30 34 84 54 50 75 56 70 93 84 49 8 44 95 57 88 72 19 76 58 65 7 88 47 18 49 8 86 82 22 74 24 38 62 83 32 31 99 82 49 83 31 51 60 11 53 57 34 12 15 21 54 87 18 30 43 1 97 6 77 38 17 46 
8 36 76 29 65 64 47 1 92 21 90 55 81 48 13 24 3 14 6 27 57 87 32 41 71 35 34 58 9 92 96 14 27 68 6 20 13 31 98 29 7 6 82 93 99 25 23 38 17 66 28 17 24 51 58 85 63 54 0 37 63 94 21 85 47 25 89 35 99 81 93 47 50 27 3 42 10 46 54 35 49 71 20 92 13 29 96 54 35 0 10 89 81 74 44 95 49 29 72 31 
81 37 24 58 93 61 84 89 74 57 38 20 56 23 66 94 45 46 1 69 15 78 16 8 8 22 41 12 98 10 73 7 82 57 10 67 92 65 2 2 51 69 96 52 8 0 55 49 13 94 90 45 52 40 51 2 53 3 75 93 36 25 52 43 22 67 95 33 83 22 72 57 1 97 40 23 59 99 51 57 68 69 66 26 72 61 15 85 91 84 38 29 61 82 42 95 90 32 12 16 
19 67 51 11 80 94 37 86 11 7 57 64 29 34 58 49 84 3 19 87 61 71 11 32 79 76 19 0 36 52 53 32 34 19 3 63 12 48 48 20 82 94 18 96 50 27 54 49 17 44 80 79 5 2 66 50 20 89 30 37 81 95 33 98 13 51 31 61 53 50 57 33 39 50 54 88 50 18 29 19 77 85 89 82 26 86 98 20 91 19 63 31 73 36 89 89 21 91 47 26 
24 98 35 30 29 20 88 53 77 48 51 81 90 46 79 55 28 71 92 10 48 23 52 84 65 53 53 5 9 19 73 61 11 86 82 5 54 36 56 50 79 29 46 21 26 35 21 6 15 73 91 14 62 73 62 78 35 56 75 15 36 35 30 79 0 83 19 21 93 14 31 83 39 76 27 50 11 7 96 24 55 11 64 90 91 65 40 5 1 94 2 42 20 22 21 70 9 61 94 63 
74 90 93 0 40 39 69 41 12 80 24 67 16 75 34 89 38 42 4 3 5 55 68 74 20 21 87 4 24 60 74 49 77 55 33 26 23 4 33 97 17 16 0 82 30 55 50 24 55 74 78 54 97 58 98 95 15 92 75 96 23 56 88 54 94 19 44 68 69 64 42 14 93 36 25 18 97 48 52 69 79 11 95 18 51 65 7 82 31 47 75 71 92 96 19 51 37 76 97 7 
54 11 6 17 26 43 42 9 81 18 67 95 92 62 31 65 13 70 36 74 43 50 15 0 10 65 44 38 31 10 69 37 54 40 93 25 51 31 0 30 79 0 52 63 27 51 29 81 58 70 48 4 43 20 32 95 89 15 27 45 14 59 12 65 46 21 97 18 80 10 90 1 85 0 82 67 0 57 14 93 26 33 32 99 3 94 38 21 40 2 91 96 79 10 81 72 36 20 99 72 
13 14 9 91 96 92 94 26 76 13 45 6 25 31 99 51 48 33 48 45 77 54 16 38 63 70 44 56 29 46 41 60 31 25 29 7 5 53 79 24 33 72 27 39 59 71 18 76 80 10 23 19 7 30 76 87 20 4 75 88 34 39 87 45 60 47 61 5 70 31 86 2 37 4 36 52 36 98 49 87 88 60 62 3 75 31 60 15 56 92 83 20 86 47 93 87 81 6 25 54 
17 41 23 99 94 34 87 21 56 25 75 27 72 66 2 70 19 93 59 90 53 2 27 16 20 49 70 43 86 44 14 29 69 73 21 47 34 73 72 31 59 2 5 28 53 31 27 3 12 20 46 45 49 89 65 49 42 99 86 60 52 27 64 22 49 49 32 75 99 87 24 77 10 49 2 91 29 44 56 99 94 88 88 36 59 27 1 39 51 19 70 50 69 69 15 66 79 30 6 70 
47 58 15 35 11 24 55 39 18 85 17 96 37 41 11 17 82 10 76 48 47 98 74 54 47 75 81 7 14 44 40 84 85 59 56 58 95 17 11 24 50 82 80 48 78 26 59 2 0 87 73 86 62 99 37 3 41 68 53 4 38 91 33 93 69 46 36 45 95 61 7 31 7 51 86 83 51 96 41 66 44 21 86 40 96 20 24 29 22 90 93 90 71 74 31 42 3 63 15 68 
5 52 71 99 20 27 22 43 26 71 85 50 58 70 8 75 77 27 94 53 44 71 5 47 97 99 78 94 75 5 28 52 91 62 18 68 96 35 41 14 33 75 78 49 74 73 81 34 69 58 24 94 78 60 3 66 32 8 3 82 21 57 15 60 47 27 93 71 69 15 46 60 10 67 29 91 32 21 49 37 32 87 85 0 76 25 0 84 92 46 66 29 25 24 29 68 3 90 59 67 
78 99 71 55 52 81 73 32 28 95 0 84 62 90 74 44 37 90 58 47 57 61 42 87 23 92 58 1 50 64 9 12 15 99 64 21 23 79 35 21 35 27 93 20 83 81 7 96 47 94 77 85 76 4 3 4 31 69 65 22 80 61 22 90 24 50 46 57 18 34 31 5 79 36 60 32 24 43 95 55 69 35 97 66 59 33 47 57 14 89 91 11 52 69 3 78 25 9 77 40 
35 18 68 21 65 96 14 88 3 95 3 10 88 59 33 40 20 2 19 13 86 30 11 57 56 40 11 51 26 85 56 89 1 6 74 3 82 97 67 1 82 26 54 51 30 67 69 33 65 40 66 72 45 97 14 26 15 66 3 42 15 67 28 72 40 80 39 81 68 52 10 58 79 64 65 93 76 15 6 53 8 11 54 95 33 42 23 33 17 74 19 13 61 74 40 33 80 86 72 47 
77 93 40 63 84 69 71 12 54 74 44 46 87 82 3 69 48 9 75 99 15 61 94 59 18 5 49 93 77 9 44 51 11 4 60 61 15 72 37 13 41 42 26 10 44 59 30 42 64 58 10 62 63 27 17 93 19 47 87 55 56 41 81 7 20 88 15 43 26 78 82 63 63 29 37 17 18 12 7 27 11 4 75 33 10 76 71 33 49 41 89 64 71 38 31 58 38 7 56 77 
0 24 15 22 62 4 68 17 80 86 93 63 92 49 95 4 76 47 61 86 74 79 67 42 43 27 3 5 83 67 12 80 89 84 72 47 60 87 84 8 68 93 77 14 34 11 29 12 42 18 50 56 76 9 75 91 93 42 60 47 18 1 47 74 73 2 76 21 67 50 92 97 53 17 66 13 75 99 18 4 58 99 59 40 86 63 70 59 39 49 60 8 23 93 68 98 68 28 44 24 
1 84 37 1 35 78 97 46 70 72 37 40 38 75 64 64 47 60 55 68 67 53 80 13 62 78 91 65 54 44 47 29 68 7 7 19 82 95 26 68 23 12 71 89 60 98 0 19 93 41 35 56 27 93 90 72 79 50 70 37 11 39 82 71 87 13 29 91 94 29 36 88 54 17 80 2 6 55 91 82 31 62 61 3 1 47 50 68 34 47 35 49 15 2 37 46 62 23 40 37 
4 76 63 52 31 40 95 71 51 40 23 35 89 39 19 35 72 97 48 34 71 34 22 53 46 26 23 47 41 40 79 90 74 68 40 91 39 57 25 69 38 47 65 49 43 68 5 54 19 57 86 40 50 95 40 74 12 10 8 24 60 94 99 25 37 4 19 5 8 56 81 43 45 41 52 89 49 0 24 11 56 49 3 13 76 98 8 87 22 84 85 28 99 59 55 30 53 58 79 87 
23 53 19 57 11 90 2 86 47 40 52 99 94 93 17 9 7 98 51 73 82 86 38 32 90 69 12 70 51 36 21 88 80 11 69 83 12 65 27 60 29 17 40 21 45 51 45 13 80 4 1 94 34 22 6 42 81 6 74 88 57 83 36 25 28 83 97 38 84 8 96 31 63 68 49 61 17 17 54 4 52 12 97 92 80 1 86 21 32 42 88 8 33 79 41 40 93 41 15 85 
67 61 37 12 37 64 74 79 86 93 76 54 57 70 20 51 62 34 1 65 91 35 70 63 34 44 12 71 21 9 40 97 65 5 33 42 88 52 24 16 60 77 61 68 49 46 89 65 78 71 64 27 83 95 85 96 51 61 8 17 71 67 64 61 46 92 57 57 34 35 47 87 11 78 19 41 63 60 33 44 2 30 43 90 50 20 97 99 42 55 22 75 86 10 82 37 47 74 40 90 
40 6 62 57 48 67 50 65 46 55 55 39 65 0 65 98 86 92 81 5 26 54 29 64 92 23 3 69 34 7 7 96 91 41 97 96 5 26 11 93 68 24 96 83 35 5 14 60 29 16 54 93 59 86 66 36 28 78 38 10 72 18 69 63 86 36 89 58 87 33 18 40 76 15 8 47 12 73 0 7 37 11 4 55 93 51 60 36 50 31 8 23 62 36 63 8 36 39 46 39 
63 41 74 46 98 60 78 55 24 36 52 35 49 59 26 91 48 53 96 71 62 94 40 84 66 61 49 70 39 89 87 45 35 38 75 19 50 15 75 3 39 25 29 1 16 18 60 50 72 27 13 41 20 95 3 82 50 61 46 89 42 39 1 98 69 80 11 56 92 51 66 68 49 81 9 92 44 73 47 23 17 86 44 78 92 17 5 48 72 76 62 30 68 33 88 62 32 95 87 16 
0 29 0 5 18 8 96 52 84 24 43 15 99 74 13 71 30 97 61 58 30 13 31 88 31 67 51 43 87 78 42 24 70 29 96 47 6 86 87 90 4 63 71 36 98 39 63 7 2 59 63 1 15 85 6 51 90 89 70 31 68 30 66 94 42 15 47 68 5 59 29 8 88 62 64 16 26 33 99 67 56 11 40 43 87 40 6 35 17 66 98 57 34 23 7 73 41 43 89 63 
8 10 4 72 0 84 62 59 32 43 16 57 61 16 32 31 38 62 65 53 36 87 31 98 17 93 6 30 5 48 61 93 5 61 73 6 88 42 48 80 58 94 99 51 27 56 83 18 55 7 11 44 20 29 68 41 41 52 27 3 91 24 79 40 86 66 63 65 16 40 74 39 82 82 55 13 19 65 11 74 64 30 65 77 23 81 18 18 2 11 89 87 36 49 68 59 5 50 87 97 
64 30 37 8 78 35 53 1 50 0 11 42 53 61 71 46 50 62 64 9 24 19 5 38 94 56 56 18 52 76 84 46 93 88 73 4 24 89 81 5 46 1 49 15 40 94 60 77 17 39 95 3 63 28 42 9 35 60 14 97 45 78 48 17 45 5 93 21 58 79 54 41 53 63 33 59 78 66 56 90 97 63 75 99 79 62 29 79 42 3 55 21 70 22 67 41 81 98 46 34 
22 47 76 83 62 68 13 56 87 44 77 27 36 75 43 10 92 77 13 24 14 39 63 58 78 81 50 14 10 31 23 92 51 35 76 9 80 50 74 98 51 70 93 2 4 3 7 58 91 68 3 80 37 81 97 22 53 95 33 93 86 60 25 93 85 56 74 14 33 62 15 52 19 86 0 83 11 27 56 81 62 1 31 12 6 93 57 39 11 44 39 61 87 89 55 8 92 93 14 31 
24 12 5 34 37 6 19 0 27 79 50 23 91 42 16 79 69 23 16 44 32 8 17 62 64 45 62 26 8 0 26 15 77 60 91 36 91 43 93 15 27 78 52 42 96 96 6 70 90 11 58 22 96 2 6 5 88 74 98 42 33 31 73 50 96 53 55 63 55 20 23 48 42 97 39 8 27 71 39 64 13 12 2 95 51 83 71 25 81 42 26 64 67 11 33 16 65 25 89 62 
79 56 37 81 82 28 27 69 34 42 72 73 98 36 45 38 73 7 63 18 10 34 79 80 78 4 78 54 88 26 26 61 6 10 82 24 74 51 67 15 99 59 92 1 89 45 90 64 74 2 63 40 27 21 0 19 26 74 42 67 13 33 42 32 11 80 31 84 26 30 91 52 1 68 5 17 10 55 14 3 30 96 39 48 32 65 6 60 12 57 74 20 77 2 80 24 72 60 15 94 
30 84 36 95 20 58 79 48 38 4 1 58 50 56 14 53 5 40 20 55 30 88 88 3 58 12 65 32 96 19 23 49 58 51 46 37 36 53 35 83 59 47 42 81 72 20 9 32 14 48 7 37 73 44 52 71 89 65 56 97 55 96 31 5 34 21 4 81 25 76 89 72 14 23 69 33 6 90 59 88 3 3 70 17 70 69 90 5 51 75 90 66 57 33 10 14 30 7 3 79 
63 25 76 29 24 97 24 89 54 78 33 21 36 45 23 83 79 11 85 15 70 51 11 71 6 4 52 21 31 4 42 23 94 98 25 62 91 17 16 97 90 30 50 23 58 64 51 68 26 86 45 72 60 17 2 84 38 58 75 1 39 66 94 22 90 64 55 5 69 83 72 90 48 61 23 83 27 38 48 19 34 13 67 76 11 16 87 26 57 79 84 22 75 95 39 23 91 95 43 88 
25 50 13 39 98 54 55 84 89 97 14 56 59 86 39 87 69 14 31 24 32 87 82 49 4 48 64 91 5 67 20 2 42 60 46 32 7 66 40 70 66 23 24 48 56 27 72 62 57 61 74 23 29 37 18 73 8 1 65 97 69 55 79 36 54 7 45 65 43 21 95 14 68 89 95 42 79 69 3 85 83 62 27 5 81 23 11 46 89 18 11 61 17 44 0 1 76 36 94 15 
38 15 94 83 81 14 47 94 15 43 59 66 35 73 79 36 53 75 95 53 58 83 78 79 54 83 22 9 36 51 82 2 56 44 37 73 47 44 11 40 48 87 57 79 16 6 90 28 43 58 62 1 78 95 49 92 49 26 74 97 82 35 9 88 61 75 79 73 53 73 23 93 98 71 36 59 52 56 26 31 81 8 1 94 95 47 49 19 1 97 43 63 42 98 78 19 49 13 33 70 
98 18 28 12 45 72 65 3 75 72 34 79 61 96 84 1 4 47 10 24 41 58 38 2 60 98 70 14 48 98 39 76 40 15 46 34 73 34 64 1 71 95 92 16 13 0 78 44 13 23 35 83 71 3 94 67 28 48 5 73 86 74 88 99 10 52 0 6 63 41 12 40 41 43 93 96 96 62 40 50 50 91 4 85 18 1 4 76 90 48 5 9 87 21 0 76 92 37 59 88 
61 9 14 33 1 92 32 85 34 31 49 0 87 18 6 26 13 88 83 40 34 49 45 41 80 54 52 38 50 65 95 16 12 93 65 22 51 8 82 62 87 27 78 72 48 62 65 16 18 4 36 99 69 93 27 38 51 94 76 42 68 17 22 75 97 86 82 46 4 69 54 84 11 70 55 41 73 93 84 77 28 57 63 54 49 2 4 10 94 29 95 11 74 29 95 24 22 80 40 33 
22 80 1 50 62 15 31 40 50 76 72 8 67 94 47 0 12 89 63 83 27 87 90 25 49 21 44 35 1 7 72 12 87 30 14 72 28 59 82 99 47 22 76 22 95 97 37 61 12 86 69 88 40 28 68 28 19 1 38 25 4 67 38 38 25 56 30 42 29 98 77 8 53 1 21 5 37 84 32 58 51 45 57 74 19 52 22 93 29 60 52 89 41 31 81 59 46 57 89 61 
85 0 40 55 34 99 3 27 15 44 93 34 79 1 8 32 50 26 8 51 72 83 39 31 19 5 41 20 9 79 6 8 80 1 18 50 75 89 93 32 86 36 3 33 98 16 5 62 84 23 33 30 54 66 54 39 6 99 48 60 89 24 2 43 67 73 52 71 9 99 3 11 2 54 71 24 23 64 9 81 5 83 33 55 69 33 66 74 9 26 51 79 76 78 8 3 60 27 2 22 
83 41 86 64 20 96 25 38 18 78 20 44 93 86 66 73 87 20 78 43 30 2 65 5 45 82 93 99 40 76 23 97 28 83 34 39 22 63 56 35 99 74 77 91 64 11 45 32 98 54 71 99 4 46 52 63 80 63 36 28 92 68 91 26 58 8 46 93 30 59 9 35 26 87 28 2 66 44 81 5 73 17 33 37 67 15 40 36 21 35 86 88 90 23 43 96 68 57 99 29 
90 60 87 87 47 43 63 70 43 3 32 95 64 71 23 1 84 34 42 73 88 96 39 33 52 29 35 56 33 90 5 27 88 73 51 2 86 84 75 34 75 81 22 62 6 37 78 43 85 65 66 45 81 67 58 22 85 45 18 49 51 51 55 47 71 80 52 53 55 7 71 75 6 70 60 66 85 18 73 96 71 72 39 24 84 88 83 92 32 32 65 47 61 72 9 94 86 31 31 3 
46 60 57 87 77 34 50 28 68 44 57 99 38 57 17 38 65 19 96 26 39 90 39 19 87 4 72 48 47 47 87 16 31 47 53 12 30 4 83 59 35 21 53 45 15 26 10 16 5 36 50 20 77 19 29 23 37 21 88 67 65 48 77 80 35 87 84 30 74 53 75 4 18 19 94 60 96 53 20 41 2 6 76 47 22 91 47 86 67 13 40 93 84 30 49 48 96 93 82 72 
14 17 36 66 98 84 83 26 75 48 39 97 2 14 8 89 78 45 60 57 82 89 89 73 48 52 38 31 4 26 86 41 56 8 27 77 37 56 2 63 10 91 16 61 67 0 22 45 17 27 28 82 0 16 98 36 97 15 73 69 57 31 9 92 38 2 71 29 12 93 32 5 27 68 58 36 43 88 3 84 43 15 68 36 58 76 76 20 7 87 41 67 13 79 6 86 95 50 14 79 
51 5 3 30 16 98 62 22 88 22 43 96 92 62 24 55 9 75 35 44 51 8 15 84 70 25 38 33 62 70 24 10 99 90 83 93 35 72 52 80 80 65 37 8 33 88 91 68 51 34 30 1 67 18 98 48 46 8 40 49 77 16 30 30 10 30 11 31 3 15 3 33 10 38 25 96 64 80 58 34 70 65 89 33 28 96 79 11 40 57 89 32 3 81 48 16 94 94 36 55 
8 59 20 29 49 10 57 45 54 99 72 73 60 96 81 23 3 24 74 22 0 84 1 92 76 57 53 99 6 73 50 89 38 68 62 17 55 38 83 22 68 10 70 34 39 79 82 3 26 84 86 57 90 25 99 80 56 11 78 75 85 45 12 70 9 45 46 99 67 65 63 99 68 43 12 60 34 81 75 46 35 65 80 50 22 0 48 97 11 9 10 69 85 36 62 8 41 64 48 82 
37 90 34 1 20 66 49 19 92 59 53 39 28 59 7 71 92 80 87 17 1 21 98 64 77 31 9 98 82 31 31 91 37 60 3 91 83 21 58 47 7 89 12 46 7 89 80 11 44 94 61 31 22 56 45 8 77 30 41 9 48 27 19 20 15 80 56 45 20 14 70 69 54 99 91 76 66 56 30 58 70 86 57 68 34 22 12 41 88 57 81 23 87 67 57 52 76 6 46 20 
25 27 42 77 93 5 70 47 39 25 18 65 78 24 68 74 98 66 19 68 60 20 30 31 12 1 17 3 34 46 71 47 21 70 53 49 0 42 34 94 89 66 59 7 28 60 61 36 36 74 73 52 24 46 95 37 69 51 26 82 54 63 71 6 68 64 44 35 95 64 79 26 76 52 59 93 25 97 13 90 41 28 43 18 97 16 89 26 3 43 1 92 85 7 89 85 90 28 74 6 
86 45 72 97 28 58 15 21 23 65 72 81 70 53 16 21 73 34 68 57 23 3 53 65 21 44 46 53 7 56 96 30 93 14 22 74 37 98 81 89 95 6 93 64 9 41 9 9 65 52 27 34 39 96 47 94 11 31 34 21 43 38 54 36 89 18 76 34 31 86 69 53 62 85 41 75 48 88 25 26 69 46 3 10 93 53 7 66 48 44 20 14 50 75 15 83 56 59 59 67 
98 75 46 31 91 21 19 27 6 25 29 9 62 7 71 44 92 48 12 65 75 74 44 99 48 99 68 56 31 55 35 40 98 21 41 5 65 20 4 75 34 22 5 93 34 84 16 76 7 19 3 68 51 39 24 56 21 46 96 33 99 15 75 30 84 47 70 83 22 36 52 91 18 81 64 70 31 77 61 59 12 11 39 82 18 37 45 77 22 55 4 60 90 31 55 63 10 83 72 67 
41 83 18 87 41 47 6 97 7 38 75 19 10 68 41 71 99 25 41 99 65 40 55 37 22 51 28 6 65 27 79 55 22 23 2 24 19 96 56 93 36 43 93 67 37 42 52 0 34 7 12 69 67 43 70 30 89 39 90 39 34 12 12 6 76 40 81 69 0 75 98 34 72 47 32 84 61 16 73 24 11 47 38 47 41 13 25 65 73 50 4 19 67 42 87 9 69 40 35 7 
96 70 35 29 21 0 44 72 18 16 27 95 34 88 2 2 65 6 55 97 69 21 79 17 50 93 3 79 12 9 51 61 55 99 32 44 2 0 88 2 40 64 31 25 23 32 96 17 89 73 85 75 21 80 31 13 30 73 89 92 66 93 26 71 89 55 77 14 51 64 37 63 27 57 57 23 78 65 53 52 20 76 98 42 89 71 47 32 90 97 96 20 5 54 95 85 6 98 13 24 
84 99 62 85 76 27 32 92 83 60 49 80 70 41 35 70 81 26 55 45 44 14 65 64 22 40 3 64 51 55 8 64 69 31 16 78 49 73 81 29 74 9 27 16 46 69 91 27 89 96 28 0 71 12 64 51 25 89 2 15 30 96 23 81 54 2 54 30 75 5 11 24 64 23 44 20 58 92 55 74 53 55 42 57 83 47 80 37 3 56 15 86 20 87 42 84 3 14 41 39 
19 25 59 99 51 4 95 0 13 82 38 2 61 25 48 89 24 43 93 7 62 16 6 74 26 37 68 75 32 81 48 15 3 82 84 70 48 2 49 41 15 46 9 60 85 51 71 43 70 31 8 40 23 30 84 18 18 54 2 89 1 75 88 82 57 20 67 11 52 22 50 70 36 30 96 63 13 64 10 16 97 76 89 44 91 82 29 70 38 18 31 51 22 22 81 38 3 90 84 96 
5 24 13 96 80 44 82 83 46 82 38 79 13 47 51 20 49 4 60 59 85 8 68 83 24 64 18 29 67 82 30 89 69 15 30 1 84 9 40 24 70 75 71 48 90 81 39 31 32 51 74 92 30 46 49 0 81 99 68 79 36 82 93 52 87 65 66 20 14 76 69 15 18 32 60 87 0 57 85 69 58 1 71 89 7 18 1 14 51 77 6 86 33 19 54 7 15 88 61 22 
7 3 58 15 39 65 1 69 84 82 80 55 58 76 94 47 83 49 41 66 76 67 13 32 12 21 49 37 60 89 26 65 60 48 18 44 0 70 63 45 8 39 40 36 15 93 59 9 90 66 76 55 78 92 45 40 60 24 2 55 80 92 50 76 39 40 22 19 80 63 58 79 78 13 34 20 59 20 59 59 60 3 74 9 95 62 65 79 61 27 31 0 46 73 60 67 41 15 30 79 
9 79 65 44 92 24 62 11 69 40 22 97 89 26 89 53 49 7 77 96 67 4 79 8 10 63 89 91 31 5 25 96 66 75 45 95 20 64 39 78 41 31 55 0 73 5 35 5 43 76 58 15 26 97 76 75 44 11 81 47 36 18 83 38 10 27 62 60 92 24 46 12 51 83 71 87 40 14 16 12 61 37 96 40 23 19 78 58 64 22 51 11 51 61 38 30 55 63 87 84 
42 70 82 2 60 9 53 27 86 62 93 15 39 46 46 52 36 50 99 44 6 18 24 71 2 80 11 63 56 99 32 86 33 68 40 31 42 77 98 94 68 64 86 16 93 11 45 78 14 41 40 46 87 39 27 96 48 21 85 18 89 2 18 98 61 87 68 43 54 70 74 14 12 2 34 14 87 59 96 22 1 50 99 6 69 83 69 62 49 4 62 42 10 62 41 96 54 35 73 78 
4 30 20 51 75 30 73 34 5 7 16 65 42 99 92 95 1 32 25 91 25 51 38 7 59 17 32 69 40 19 83 73 81 79 53 51 82 69 93 62 75 23 25 70 15 49 63 78 16 56 16 53 68 17 98 81 57 32 68 16 79 53 55 19 87 66 28 4 51 47 7 16 45 59 86 73 62 32 43 81 56 73 1 91 98 65 54 93 6 18 32 82 63 19 33 44 44 19 41 78 
40 24 90 4 8 91 68 59 58 80 88 59 83 27 81 98 35 56 37 2 95 13 45 22 48 2 52 65 54 26 34 51 68 99 0 65 74 78 82 55 42 64 47 60 7 80 32 72 67 94 40 92 57 99 7 36 26 58 73 61 35 23 81 17 86 9 25 99 36 1 76 1 88 25 92 96 22 78 65 31 78 79 42 44 74 53 53 4 53 79 44 8 54 33 34 44 12 91 42 98 
71 28 44 50 35 39 18 8 67 23 5 31 85 86 84 33 16 67 27 83 82 24 72 43 59 69 86 78 97 19 51 55 33 11 84 61 19 18 10 60 34 69 15 74 70 57 61 63 29 89 18 8 99 95 57 96 49 95 73 77 89 5 79 85 32 22 68 78 44 14 11 82 95 57 64 42 50 6 94 31 11 51 18 23 57 22 52 62 38 27 98 80 4 31 39 0 19 56 77 17 
10 11 90 64 38 78 63 95 38 14 95 64 41 4 58 89 77 78 5 58 21 68 77 36 54 79 38 8 1 59 63 11 21 64 2 57 67 14 65 67 81 1 95 50 14 89 15 73 5 70 51 70 78 44 68 67 87 71 73 10 96 61 21 67 41 66 32 74 2 99 94 44 58 22 54 38 76 98 37 23 27 76 51 5 69 29 28 48 79 97 63 38 75 83 87 38 2 13 84 89 
11 18 49 86 79 3 21 71 86 11 11 0 22 42 56 4 3 52 32 60 42 49 21 46 54 28 3 22 4 37 21 41 78 11 70 95 55 38 72 21 52 92 33 39 6 18 75 65 6 65 54 65 85 93 15 24 33 58 51 29 75 5 32 23 3 38 7 57 93 60 3 56 66 92 40 88 90 90 72 18 51 36 78 34 82 28 4 51 60 15 23 47 12 23 24 29 34 43 45 31 
71 69 64 37 68 17 76 7 88 14 38 19 62 52 97 51 42 89 5 36 35 33 48 7 41 97 2 46 4 25 47 58 60 68 6 87 14 57 60 37 43 52 53 50 44 90 75 77 6 49 57 49 38 94 97 53 92 72 57 22 23 37 15 21 32 35 63 59 40 25 49 57 63 62 55 25 19 79 87 87 8 52 93 24 29 2 19 73 55 64 6 34 57 83 25 84 27 44 60 95 
3 16 10 64 60 82 37 52 57 0 78 97 90 41 32 53 89 83 30 36 56 21 21 53 80 23 62 51 81 44 80 74 69 16 48 97 7 42 54 65 8 88 3 72 87 66 55 59 44 47 25 52 18 30 1 11 54 33 50 11 99 19 99 61 23 95 11 4 42 51 11 94 42 30 55 51 66 13 98 22 36 92 5 44 96 48 98 37 22 12 20 59 11 53 83 22 2 10 86 49 
6 80 47 99 10 69 5 54 65 36 20 22 23 32 77 13 48 72 94 86 7 77 44 36 22 6 17 48 52 37 1 73 35 79 48 98 75 30 94 45 15 92 5 64 47 72 90 73 93 91 90 74 51 33 4 28 97 1 84 59 75 40 93 27 70 58 30 73 55 61 6 65 16 44 30 83 30 67 32 79 51 12 13 81 9 1 85 33 34 35 86 4 81 67 38 39 41 70 66 99 
45 98 64 69 32 23 27 7 78 63 2 36 6 66 13 80 53 28 14 63 31 76 83 57 68 89 51 18 54 3 84 49 25 25 1 54 27 28 15 60 78 86 68 55 78 60 98 6 3 9 61 0 50 24 28 93 83 95 25 51 7 81 71 86 23 49 20 31 97 64 11 95 97 21 75 28 15 3 33 88 63 27 66 46 21 87 61 73 50 61 24 2 66 96 4 6 51 31 34 52 
70 71 19 56 25 68 43 59 65 75 42 85 17 87 46 13 38 36 17 27 49 47 19 12 98 79 18 61 33 83 62 85 6 61 98 53 61 83 63 29 44 56 36 81 65 9 57 51 27 20 17 10 4 37 90 68 30 63 70 4 46 73 33 7 34 78 32 20 89 10 68 65 33 98 51 92 92 5 98 98 83 51 76 7 55 66 58 2 28 20 44 78 80 17 14 41 8 73 34 24 
73 40 65 3 42 56 53 59 96 34 6 61 94 17 31 93 94 88 15 58 87 54 11 23 8 54 78 51 21 32 36 90 61 90 35 60 16 19 88 85 90 14 92 33 84 70 78 44 25 77 64 25 99 9 36 40 87 14 77 86 30 45 93 36 17 60 34 63 0 19 68 2 39 47 9 81 77 33 36 92 4 62 46 35 92 28 6 92 19 3 30 1 89 69 22 80 22 6 21 16 
69 16 58 71 53 54 85 81 93 4 13 2 67 22 76 30 90 96 65 36 94 22 38 96 20 35 59 98 2 36 69 4 30 46 81 79 30 43 19 93 20 9 11 65 35 95 11 36 85 65 51 22 10 22 68 52 42 41 34 61 34 73 85 54 93 12 54 42 76 42 83 18 10 85 87 97 6 63 83 52 2 23 22 32 21 77 33 60 6 89 34 69 11 2 21 6 61 88 45 5 
21 66 30 35 15 99 24 15 1 3 27 22 27 30 26 9 94 73 52 20 34 84 1 50 75 87 71 13 41 16 17 39 36 48 80 4 20 61 23 26 17 7 55 39 81 78 40 54 76 92 50 17 5 34 4 61 16 16 29 34 3 9 91 12 81 44 28 94 39 45 87 66 5 23 88 2 21 98 59 98 1 28 95 6 71 83 66 16 40 61 3 45 50 18 74 53 91 94 47 52 
90 65 30 68 24 15 18 59 61 27 9 1 48 65 58 91 44 79 4 98 5 81 6 98 18 61 35 16 92 90 13 70 51 3 32 91 60 70 76 67 90 33 99 84 81 9 24 88 40 5 89 44 78 58 26 90 39 60 66 24 19 79 77 21 4 43 26 55 36 61 7 97 57 60 99 61 44 14 12 90 71 18 86 24 47 22 22 28 49 76 46 18 60 31 31 52 91 43 8 45 
99 80 23 61 45 15 5 78 97 58 51 0 13 38 14 1 47 26 30 69 44 69 83 44 48 28 76 23 94 93 89 68 43 39 46 52 33 48 1 39 84 3 12 35 14 61 86 0 96 42 28 40 25 39 6 1 1 11 84 7 88 91 46 32 75 70 39 41 39 73 25 11 98 66 72 89 47 83 70 40 61 61 30 53 86 86 3 21 52 40 2 19 81 31 74 69 87 24 40 76 
74 11 48 54 77 82 83 68 54 3 25 1 90 96 92 60 56 81 17 29 17 58 19 87 48 50 94 76 19 75 58 18 82 86 56 92 78 41 32 56 76 59 99 27 15 44 47 62 32 1 49 12 61 35 30 52 63 19 86 8 59 77 44 1 75 21 98 10 42 49 55 79 22 21 2 55 17 23 98 2 72 54 26 18 94 53 36 96 65 12 85 50 80 11 91 48 29 82 9 19 
55 71 25 79 26 66 63 16 22 37 58 36 70 56 65 92 82 17 16 50 26 7 15 80 68 72 98 80 20 31 85 27 55 87 54 40 62 73 5 71 11 12 15 97 16 91 38 37 99 87 51 87 83 17 97 8 92 46 70 7 88 73 80 35 92 65 29 92 33 92 6 6 44 23 92 96 68 10 8 53 43 6 1 25 70 58 3 34 5 3 22 44 73 80 68 42 36 60 47 9 
6 73 34 7 30 33 26 57 49 7 32 33 52 40 97 27 24 86 64 56 5 32 76 55 16 92 49 4 70 14 8 10 51 37 86 18 59 95 24 12 47 72 21 68 20 39 44 69 77 88 37 0 10 45 57 45 51 20 48 42 93 53 55 92 67 44 78 77 41 77 67 10 81 70 44 6 54 40 89 4 66 26 2 18 50 38 3 1 51 13 13 3 19 58 4 98 86 22 17 18 
30 2 47 74 41 64 28 28 42 67 85 95 85 94 26 92 75 59 90 83 85 56 47 31 47 29 80 12 40 67 36 37 32 80 23 5 10 28 90 73 56 64 59 86 68 93 5 64 80 79 1 36 19 35 82 94 89 53 15 3 93 46 90 24 2 73 35 18 72 32 37 9 84 94 80 30 41 91 24 74 76 19 61 43 23 42 4 61 5 4 44 77 73 32 28 65 76 98 60 5 
44 18 70 64 94 75 24 26 38 59 59 52 25 23 34 68 28 3 54 23 7 8 16 24 76 97 85 39 38 23 50 66 8 63 9 99 6 41 6 18 81 75 73 60 2 19 90 56 65 48 3 5 23 10 82 76 30 85 90 55 23 4 64 86 45 86 1 65 52 49 83 27 68 49 59 85 35 55 80 26 0 78 9 85 25 46 71 44 92 76 95 48 49 49 67 24 35 2 51 43 
84 42 18 20 90 30 28 80 64 34 86 42 60 97 52 13 6 31 15 84 56 53 75 82 79 53 2 49 91 34 18 7 35 50 83 73 3 34 53 88 45 10 37 49 41 9 41 93 4 7 57 60 44 1 63 17 98 29 14 11 23 40 87 95 15 19 92 78 99 85 29 49 50 57 68 33 71 58 72 92 77 64 45 21 14 45 50 74 0 81 59 36 77 46 69 7 89 87 27 36 
34 38 42 31 3 4 20 29 10 23 64 6 27 83 37 22 88 42 17 0 30 29 32 32 59 16 61 65 6 8 84 90 28 22 33 31 5 30 8 14 82 86 98 27 7 60 94 63 84 23 35 72 84 13 69 13 79 20 55 95 89 22 28 33 69 34 4 4 42 5 57 10 11 33 41 72 22 47 23 93 60 51 1 96 75 60 48 9 43 25 98 45 17 59 35 32 9 39 79 38 
83 15 30 84 89 85 86 55 23 16 97 67 31 29 67 38 57 19 18 59 93 74 26 57 16 33 20 35 69 76 73 14 13 65 64 48 4 33 16 51 73 90 7 89 16 62 76 26 76 54 6 48 32 40 4 73 93 14 4 98 63 84 91 71 62 51 39 95 45 7 40 97 26 14 75 71 33 58 28 14 54 53 74 3 96 7 84 92 71 84 18 58 40 6 96 81 48 85 38 56 
62 37 22 23 77 52 69 74 29 61 84 88 65 24 62 0 25 87 42 43 92 88 31 98 53 55 41 41 65 67 22 80 45 92 49 56 42 88 31 33 20 86 24 60 95 90 19 92 51 35 76 49 43 49 86 42 12 79 38 78 63 48 58 89 76 8 33 49 81 57 6 65 86 83 88 36 18 33 97 73 42 40 49 94 60 85 72 27 99 98 54 80 1 69 87 89 73 93 48 53 
42 85 84 61 7 74 38 86 85 83 23 22 66 27 39 26 63 26 77 4 24 36 14 96 91 90 88 91 50 91 51 76 49 14 93 93 59 48 97 5 0 61 33 88 55 58 86 18 88 25 36 97 33 80 1 68 61 87 86 56 25 81 61 90 82 5 5 9 55 33 75 18 11 39 37 37 5 97 88 41 20 90 21 79 37 63 88 71 83 60 77 87 77 48 52 96 29 10 95 38 
37 57 72 12 54 72 16 80 81 14 62 24 89 13 13 0 76 81 6 2 85 60 28 0 86 44 56 89 35 65 47 19 78 55 17 67 9 9 29 37 77 47 55 25 12 6 0 55 57 70 76 27 71 61 20 20 63 93 98 58 86 89 54 0 23 28 26 59 76 47 38 73 90 70 68 66 53 0 46 81 90 66 41 65 65 17 0 86 86 19 58 53 23 27 48 46 6 84 70 25 
67 36 15 67 45 93 60 63 93 16 49 32 14 45 74 69 71 9 97 14 98 53 71 20 99 40 0 28 5 31 82 64 46 80 41 71 68 65 13 23 26 90 56 3 97 82 99 85 77 32 74 64 76 92 34 35 52 42 59 98 86 49 18 37 89 73 0 22 85 1 67 85 98 82 49 99 48 94 99 19 84 72 40 77 58 8 66 64 68 69 44 53 23 18 20 62 25 22 19 63 
87 23 87 84 68 36 52 74 65 61 83 43 78 31 6 36 85 37 8 5 46 43 84 0 15 25 95 25 28 58 99 82 93 21 29 9 11 15 99 90 17 39 82 51 92 34 61 37 29 55 27 17 37 2 14 23 97 91 1 38 60 66 47 84 29 88 68 22 53 73 59 23 40 51 85 37 43 25 1 85 62 5 48 85 43 43 11 55 71 40 23 71 23 82 80 11 46 20 77 3 
1 12 15 92 99 55 3 21 62 64 93 35 21 37 87 92 75 46 23 3 0 0 0 26 11 93 86 58 32 17 47 30 11 88 16 93 60 49 9 49 96 71 14 80 8 69 79 78 65 11 9 55 84 70 1 99 26 13 96 90 39 14 63 45 87 47 61 38 53 30 63 99 75 13 15 62 57 86 89 16 93 58 65 75 87 16 13 12 58 68 78 21 83 85 64 15 17 52 16 80 
40 70 48 74 46 79 85 35 70 48 68 36 19 26 65 40 69 76 17 51 42 43 45 78 16 4 19 37 37 18 89 50 19 4 41 75 0 13 23 63 45 46 29 1 23 76 18 37 94 91 16 63 98 38 49 30 18 84 48 1 31 50 65 60 49 78 73 61 83 43 34 52 13 14 39 64 61 88 47 67 23 69 39 89 58 9 81 91 38 73 30 61 35 36 32 30 57 66 68 20 
18 85 98 60 6 14 55 43 45 62 78 72 46 25 38 32 74 64 10 87 22 22 70 97 97 20 53 61 37 21 40 73 49 38 2 82 19 19 28 49 64 14 11 74 56 9 88 56 10 66 39 58 15 21 95 52 18 61 69 96 12 91 27 26 64 28 39 31 82 1 95 54 24 19 23 77 78 39 22 85 82 28 85 50 98 24 58 94 76 13 23 60 38 63 57 90 3 25 76 26 
