257027 228572 249122 259410 252965 260099 234596 237980 260594 242572 262771 252234 259322 244132 226805 240501 260910 255131 239684 247071 235791 260945 233529 223477 273400 259983 254795 223580 266647 253541 222809 255224 239325 251473 260086 258580 253569 242742 250743 252122 242563 255781 264735 250895 244987 234313 242882 245796 254661 234524 237007 244527 255390 240100 262174 245131 235429 253415 231756 252284 242713 265381 218251 255141 233733 241182 246259 242512 228076 233287 253081 252627 262918 270130 236718 273270 258509 270728 257534 246009 247368 238583 255984 253912 247306 244871 272581 233283 259380 222302 273558 264078 240295 257959 240827 229740 249582 259427 270995 234974 
247304 240159 254614 251073 255593 253186 219866 229585 247766 240952 264876 266739 264514 249008 215246 231363 244002 262335 242247 247280 257263 244925 242191 210039 274037 250431 235576 236464 252769 245998 226883 261602 243027 254628 262653 250663 261038 250448 249005 245883 241822 254779 259328 251831 256049 244892 243427 233990 230073 249451 242296 228056 238598 237698 267419 232133 255152 252298 238985 269768 247570 248943 220172 261446 240763 248649 236139 237387 234682 239901 253964 247658 253874 260486 212871 253396 259073 282411 265933 246768 256131 248210 265062 259345 266574 258133 279259 253268 261785 225848 280345 250055 239578 256059 231482 249302 253563 284700 269608 247797 
237885 256242 261119 266162 254042 248716 231751 236587 280004 260324 265315 276890 265329 249763 222326 231253 266611 272789 218414 234202 254737 281473 257455 231247 270653 275591 239968 236656 262183 245906 213985 260429 245053 238562 254125 256342 274522 265607 260309 273812 250499 255862 271043 263223 259257 260555 244991 247194 255658 226799 240237 257198 256680 235824 259431 252513 254250 263921 264544 270592 239711 258719 219822 257701 241088 269445 256319 250746 250090 198604 256319 262655 269345 272747 241006 277060 254770 269724 259370 268173 248349 250596 261270 268033 258174 245151 288275 241063 288299 233215 291247 242239 260086 261659 241406 245270 256827 266503 263759 246635 
228872 230595 233139 232902 228663 227420 192441 207047 254010 209867 257289 249351 242025 223470 192009 216683 222103 254569 224822 212925 235706 230200 221356 212444 250953 243939 229847 211443 231516 231361 192514 247584 216125 226313 219995 222913 256430 230288 234960 236888 222085 229503 241125 225256 227916 252901 214578 220903 225380 200534 216014 227859 209416 206063 229125 230752 221774 221510 212084 232348 213908 230251 208321 222394 233200 222241 243414 220243 199659 205073 218367 244089 234823 246756 208362 224623 240682 251146 253919 217834 220935 222816 237447 236627 227285 230144 237628 218851 244060 215123 267886 234353 218066 230891 216314 223515 226359 243682 239037 228346 
233478 245111 255685 243591 234656 247606 232187 237836 250328 244733 271907 257856 266974 252071 210305 224685 250081 270740 225451 234539 253021 249137 243782 223277 256599 265141 223723 233464 243091 242314 208311 251088 233274 233697 243213 247544 266077 259938 247110 246428 220701 250578 256539 241347 251567 254588 218456 229342 235479 209378 229940 238550 233843 223626 261372 252834 229388 244821 238072 263716 239515 243748 204025 254717 227910 248620 246624 228564 226466 209944 254876 248961 254440 266216 213779 257923 243942 251052 257971 232651 229137 258102 264434 247042 245905 250152 265654 258322 257688 228917 266626 226339 245999 250277 216437 236211 236573 256097 260789 228116 
232120 223410 237182 238954 227065 230398 201885 216314 232073 226271 250733 260548 232743 226324 195196 220196 222850 240214 207025 221407 238639 234482 218644 208681 252422 240723 239004 197866 231781 229071 203933 246750 223019 222601 214985 221505 241573 244895 232196 235268 239074 231068 236443 240992 216948 232843 214769 214681 239774 200960 229818 229422 224669 219022 237167 228908 217896 226534 217587 234693 208458 230258 200299 228531 211423 245166 224070 240983 215232 202066 244295 239188 235789 234635 208519 249841 225679 238729 237183 226169 213157 232543 242962 240129 240340 218473 254213 220095 234096 197273 268960 237260 237518 230340 228448 210985 230365 235942 234103 220699 
226964 245116 233927 249841 232542 235720 219949 245591 262307 246646 250565 264093 255648 233306 202024 234480 241898 247580 227880 234007 242571 251894 242388 210992 265370 259494 221851 224918 244103 226146 213621 258229 234210 226138 234006 229491 267757 252939 246167 245022 232558 245342 270772 259934 231233 233585 216713 251561 241170 230405 237897 251594 229065 230692 271865 231962 239996 232002 248332 252993 220030 244646 223218 242937 223262 251055 223971 263502 231296 211916 247191 258975 251563 259984 230224 256911 254174 265385 262256 240765 223785 232351 248184 239814 229075 234630 261120 230455 273319 232104 272140 258164 238798 246204 231162 233877 234586 275279 253264 233361 
236213 223229 221603 230868 225516 241336 210492 216245 238504 224211 242606 246165 227934 215018 207680 224509 218478 245088 214715 236154 220567 232306 232239 201561 251998 225496 216547 226716 237756 221648 199596 252450 219217 226803 236281 219679 248555 239391 231573 232174 218906 237140 248585 226842 218075 218179 214443 220172 234376 215177 212974 235033 229678 214240 241180 224125 220038 240396 220551 238239 224519 240577 197965 228561 222716 236186 213580 226951 210206 209059 235743 224852 227114 239835 204340 235350 223559 251110 238654 223330 217216 228095 250177 242361 231457 231120 250634 244280 252655 208977 257327 225097 230810 214978 214944 226410 229121 261777 237189 218692 
217218 248223 236119 242159 230824 234345 200099 241351 246296 234540 265390 250481 242310 236669 204181 229928 223827 249330 218518 230029 231534 248538 228175 223190 275971 238747 239308 219386 234760 228581 212071 256936 231331 243034 232195 251854 259197 245536 241771 221204 228587 243931 244616 236911 225972 240232 214816 227628 246006 214307 216726 220666 254357 223097 247250 226968 212949 229152 231857 243203 220344 239018 216011 230620 226989 240489 221734 248195 238867 214825 255598 230396 256803 250258 227659 248767 246904 263691 266064 221493 220214 239846 248801 251356 244122 229630 265851 232596 243977 213218 247065 253730 237413 241224 221854 222500 239748 255410 256981 238269 
241941 241731 241029 255259 255750 243398 224094 245250 257204 234319 279102 257715 267944 245853 209594 240025 237174 259902 240010 247071 242641 272563 243762 228543 269987 256695 259335 233430 270935 242825 220224 258729 249509 251168 233531 263822 274065 250771 265697 270523 234918 262781 281200 259259 238662 246789 219154 242724 251431 219301 241615 227522 238375 230897 272500 240504 238431 228184 226447 259996 228362 242699 234833 247166 236009 253284 234465 249325 229719 229093 262534 251546 258233 269805 226671 258009 248285 283249 287860 244809 241090 234602 251833 263224 254621 238135 275087 251057 263166 233255 277813 265798 242563 262293 219020 245262 248573 280730 275527 248791 
254937 254644 251849 266864 248303 253634 235096 249369 277513 259808 266050 260953 263966 256721 212260 249959 242671 270348 241541 247951 249866 268697 244383 239284 269038 286425 250475 243783 269003 248568 219406 266148 261164 245042 253390 254658 291921 265101 267006 258867 254449 266163 286074 249515 271616 263304 226982 251014 253950 230362 216759 256106 247805 239722 271165 261026 257557 260062 248700 267391 254130 263143 226591 258582 255046 273504 256984 268878 229429 241082 254618 271604 269864 270892 241876 261379 275036 281462 258035 259788 271595 266674 269771 271584 261951 267177 293350 252517 269537 237901 277870 253577 244404 256349 222209 243696 270538 278068 271202 247592 
246070 243479 242103 249922 237826 240661 239413 239790 266703 250876 272182 263884 254253 246169 227061 243805 243409 264308 240964 239686 236982 268041 240038 230893 273588 267854 255963 229988 254476 243391 216214 261809 246749 250029 245197 255471 270277 250170 259698 254004 250141 267335 270623 248384 242828 257466 233840 264518 251822 221260 235057 243280 250759 223057 259909 244663 239191 243328 231184 251977 233188 267559 213996 266087 245757 261724 244742 247140 228546 216635 242635 259082 248874 257492 239892 269751 253247 270192 261787 247028 245354 260626 250061 263067 254054 238080 259853 258336 257682 219994 274613 251238 252670 257707 221341 236319 245938 266777 269886 237417 
240724 230308 240079 246759 234331 246402 229229 237839 255251 233839 273040 260264 238580 249592 196161 221900 228632 258712 218984 235244 227142 238909 229479 232179 268610 239364 242345 230026 258766 225652 215461 244396 236351 237674 238305 248672 249195 250172 242932 241600 223128 254938 249592 244946 221574 235129 226127 232080 246127 212311 218306 228460 232762 210854 247729 239194 221876 238485 241366 233935 220699 235217 212728 251029 229375 237842 234041 251572 219533 205829 258293 240701 253314 256188 222747 253718 222911 252469 251548 235099 232015 244892 260451 259639 251077 217998 275635 233861 251294 207748 264515 235121 252534 246397 210968 221171 244032 245952 262614 237571 
220530 221927 201656 225734 218474 214676 192674 211378 238554 224436 232544 233577 227668 216162 164821 207584 211702 225834 194846 212943 222653 223463 195790 196926 243428 224865 205869 199472 220118 206454 187839 229235 215589 217780 207597 218584 252713 220919 211682 215076 229435 214733 232294 217097 203384 211300 183997 215171 221912 218492 209726 211611 214669 207611 218062 212020 200309 204293 201525 219725 204319 224427 208056 218640 210243 224815 206097 226798 216390 191035 229923 228420 246505 216304 203118 230519 230105 241169 229860 214709 216698 213349 227708 227215 234424 219173 241914 212876 221948 199434 240147 230777 206827 212714 197220 209326 224567 243793 229496 215154 
240502 239433 244444 271329 229873 241046 208276 252138 259728 249052 257515 256475 261529 255966 207316 256578 245561 237755 221986 225808 234045 237102 234526 226977 257158 255028 233002 225177 248008 237900 235114 270041 228992 240287 246165 254607 263604 252257 247414 243993 253198 249600 258343 258792 243196 238011 230621 230969 248750 235269 217349 221997 240052 237765 263533 262628 250335 239403 230367 249891 237031 249214 211495 251684 223219 242964 240085 247908 228444 224688 269257 239351 256323 245398 228019 267209 251097 256283 262351 240461 238079 251294 238489 248967 250755 216424 286169 231010 255126 219954 258792 247331 241244 248159 221433 227632 258667 274142 256256 244179 
221147 229907 238738 240089 214926 233304 214306 235621 259707 251292 247184 239756 255414 236648 198073 224504 235069 251835 207935 225657 233792 248679 208986 217013 259516 248910 230512 205497 232295 239279 210143 247379 232968 234854 234876 240088 240342 238255 232297 227383 228981 235255 235869 216625 235156 236263 224960 224917 245667 207902 199737 215427 241346 227592 243808 240964 215932 224276 232147 235154 226900 238074 200755 236470 214394 238909 220179 234803 227352 202721 244898 224296 264737 237980 229019 246437 232765 266155 231854 232330 232118 243710 230785 251596 225664 214734 276455 222443 240073 196593 254358 239761 219601 242337 227657 211775 222724 235118 233479 202693 
253994 242141 250620 273069 247237 255050 234023 247018 267536 246395 276474 270457 260277 259200 209579 249084 263274 273207 240673 240458 244644 283162 238996 231641 267576 261577 249306 245478 262191 250683 241108 248911 236151 260151 238198 268570 292239 243463 264581 255790 237908 250439 274847 250926 243236 262617 232848 242960 253880 223665 237515 233069 247158 233539 268429 253885 244576 238047 240205 258935 247134 258288 221374 252137 241964 245119 243031 242660 230221 227095 262913 254353 253872 276179 229334 264623 258419 266301 274449 251548 250201 253593 266527 257771 263109 256653 278457 249659 264410 239547 275572 243986 247726 270037 222299 229764 271302 270607 269052 262848 
231049 221060 226605 221717 242123 238040 221979 222279 246061 224430 254992 242385 247551 245566 202212 225165 220666 257216 224234 235293 230276 227039 222191 211839 269191 240746 238359 220868 240463 227364 214400 247698 242612 230468 240007 224914 243176 244596 223910 236733 213147 249127 249050 222833 238595 234726 221257 216262 231819 219839 223204 222634 218644 222523 229438 222713 226415 237446 229716 236075 223193 242130 202221 245869 232599 234189 237652 223659 212144 211170 230177 230050 252573 245486 212243 236568 226747 261693 229192 219496 215406 236902 236790 261847 230493 229748 259286 237397 246645 212656 256196 223377 222132 224353 222566 233579 233394 255200 252674 218683 
229985 249813 245218 259410 220506 246852 241936 244209 261245 256657 250756 261369 249977 231834 195392 244396 262486 271437 240212 232793 236214 253255 236472 221662 256083 274561 239407 235626 251666 248033 230904 272095 223640 253520 250517 254012 268898 245697 273596 248861 241362 248452 286337 267944 220392 240460 228385 238721 244493 241010 242510 242455 245141 226265 261104 251392 248494 244804 254068 258974 247629 244303 218645 249739 240498 258037 238612 254730 241047 225753 277477 251334 265648 261327 240955 247255 256990 263811 270059 247289 255139 257712 273805 263949 253380 242277 277221 236360 282601 235546 265147 241502 256041 266761 229666 239866 245928 272740 266038 236973 
245727 245806 259018 257105 245303 243451 233129 234942 264809 238790 260850 266340 257840 241897 200065 242649 243139 260992 245341 235315 242765 261717 221612 234896 259393 264010 241717 232958 254542 252095 224609 250052 255731 246804 247497 220373 280799 253837 250855 251195 238284 252913 264844 255692 247806 243404 230005 234383 239497 211373 237791 245539 246613 236563 251126 237079 253855 242521 237757 260677 251540 249479 215135 248482 240339 248494 247841 229727 226053 228095 247031 243279 267976 262873 229392 267735 258085 278410 250821 239026 244679 258761 261052 264076 245581 237319 282427 250752 264936 205171 285001 237976 238572 248285 232167 234160 244246 270745 247389 234479 
258965 233165 225487 238357 221811 227853 216109 230972 252294 240980 254080 253741 238393 241902 203245 218173 237114 239491 221425 240559 230392 243504 223869 206274 238513 267368 228318 218882 233040 227234 206767 243070 217083 245521 237441 242946 249539 236837 255035 240774 241796 242166 247060 237568 236367 218803 224321 237313 262831 202836 211529 229657 242685 219727 258202 248100 201190 216670 209833 231857 237611 248576 199669 225280 225531 237221 214355 230020 220900 200382 248356 237247 251749 229627 220514 251382 233530 249053 246718 235838 221492 254188 234394 252247 250347 235383 266435 239233 264451 210066 255302 242284 223571 250248 207757 217921 226252 253522 255627 246669 
237078 259038 264338 257279 254543 238182 230332 258389 274993 258315 285262 269777 264608 262291 206195 235792 255321 272297 226651 244258 264255 268462 238828 242766 273794 286753 237422 227385 278766 232721 222603 259683 253619 246296 256742 266029 285270 270431 264595 266174 261387 247384 282743 272617 260489 249884 217512 228641 255052 208441 229935 260279 253149 240692 279556 259232 249289 241405 254470 258829 250060 255069 235023 263228 228206 260221 245235 250903 235498 214007 268380 250553 267959 266384 227358 292088 248582 281209 266227 263069 239824 265805 257532 275196 272610 251628 291508 255944 278227 241520 274970 268784 252878 258852 220581 245641 250197 290023 276208 260117 
224516 224496 223195 229777 236356 244893 200881 226960 251061 233584 254069 238330 246896 232598 201097 219923 223631 250664 210582 232927 226058 222454 219978 189677 259242 238619 219256 224657 220198 233798 210873 240552 223634 232745 219048 232426 237134 233345 242659 227728 216796 233515 246558 209561 228765 229106 213872 234220 230260 204372 219714 212758 205598 215544 232250 224929 228524 221164 212975 228785 227197 226810 207699 233016 219821 227420 224328 230064 212630 201290 226452 223432 245989 247650 204739 238430 237505 246530 237973 214258 216312 236783 212806 234145 233126 217964 253164 221068 236666 196325 236243 234684 208462 220374 211755 203617 227328 259712 237820 215240 
223622 241513 241737 247698 227210 234518 219646 234581 263383 245651 258767 257915 254505 227771 198473 243113 253444 243205 222626 233132 233238 241850 228163 220529 265659 262665 224214 226461 239491 246428 209791 264857 234883 233725 229876 242837 253035 250215 246014 252057 227137 243169 253839 237629 235945 238735 219309 236211 242816 211114 203946 228526 233012 231333 240842 248472 245436 232399 234054 237898 242591 248767 204154 229874 233706 237517 236915 260152 246187 213343 241762 247126 249763 261834 214552 243090 245287 252376 251818 221972 234781 248918 249550 256649 233413 238983 261464 241447 252197 211134 260084 243704 231118 250689 214395 230294 247500 265748 262908 245319 
230911 252202 239153 257463 239666 231095 215168 219924 272210 233026 272059 249628 248277 230567 193884 224695 239162 247458 221095 242731 225651 244250 243949 228551 257294 265841 239063 236402 251471 240142 207177 253944 226075 245490 243486 236035 264607 237708 263273 252988 246950 255498 275774 234010 233252 246838 220976 235289 249338 214512 214700 226548 227860 208285 252303 241602 226754 248790 232376 252589 238178 235850 210697 237909 238468 241616 252073 251421 224092 224015 246960 255638 261323 255317 217814 237731 244558 252365 259198 237723 242802 247256 255829 260450 254879 237858 272403 241779 258721 217299 265601 239918 236604 254788 226500 245900 247688 266119 266345 246882 
264093 249221 252967 261143 244748 258167 229050 237477 274546 250893 276430 266757 260640 243395 209571 250931 266819 266692 244867 243396 253183 277380 228589 242692 264039 276565 246813 230050 248098 238974 228674 264174 234648 252612 255356 266533 289990 264753 266074 246319 258872 244303 265137 270291 236208 237829 229691 237102 262410 225100 241989 248506 252281 242603 259305 250338 243587 246999 236839 256431 227099 256681 209183 266849 248272 252248 246301 243378 224943 231734 252938 262297 275370 259073 239715 283438 257081 288680 256751 269133 250805 267634 269380 265318 261762 257596 291078 247662 273934 217217 286251 268036 250670 277835 221359 240092 236576 265764 251761 252321 
256371 242478 250169 266374 247619 258058 223465 238650 275541 255347 261495 268013 261127 249492 213545 259385 249224 265459 235248 244705 252358 275802 250594 237269 281361 281519 268192 239248 252036 257869 234618 272213 227123 247584 259083 242426 282373 246924 268927 255563 261305 259273 272385 258047 248053 249076 235315 241683 257470 243173 251649 248035 252699 247832 271961 243952 258453 254436 255635 259545 224284 260705 222614 261489 257306 268851 245378 256111 234388 235604 266702 274363 271193 264182 247185 263081 260119 282475 265615 262782 254789 263744 271954 271271 253685 249111 282938 254987 275107 230963 283405 260829 256137 262866 238235 252225 257572 274208 257259 255307 
245045 270754 257991 261734 237204 259449 232641 253162 287180 269783 261271 268386 280665 262346 222502 243002 260231 266386 243676 251543 243714 275895 248638 234643 266449 281284 249773 242938 260545 255014 216985 268513 252840 256539 256691 263122 279533 268391 265884 263804 249770 252350 262501 245216 271076 247761 224211 255333 279157 221615 231078 252531 248663 245419 266465 263757 216660 245813 230383 266327 252447 270255 235622 267486 243019 258259 255573 242528 240518 229183 256487 270055 276629 266790 232333 281598 261253 279953 265130 266885 247850 261450 259861 271353 255587 256839 283633 255955 276824 235819 271851 269113 247271 268859 232614 246614 246076 275972 257260 233309 
226414 227330 238415 234935 238613 232572 220786 219878 248908 239154 248662 250052 244884 230713 197977 213279 232641 248091 220968 231425 238460 245710 224630 214143 256305 232756 228509 215139 226953 211074 220275 226898 243832 230997 242978 234516 248208 242719 226733 235223 227166 233790 237179 244351 223545 239203 213328 216171 239076 196466 213625 225679 237771 205839 242730 228102 208169 218725 229081 243173 221183 229888 210108 242167 216848 240415 223011 232029 216909 196012 234939 234005 257716 240904 214927 249132 232234 260214 235502 227326 215104 228519 234633 231252 217948 234940 254579 236394 260481 215366 258778 239019 220780 232681 220133 220998 229524 250307 254017 223701 
224783 237269 244214 237696 234249 232672 210182 239236 251574 232143 271994 241426 258647 234820 196112 229312 242278 238392 234200 229233 229173 233298 232696 219933 246633 257550 226548 218857 242788 227832 214058 247153 242493 233193 241306 228533 248899 236450 246958 239820 233349 236210 259478 228392 226442 246748 214101 231044 227207 212836 209167 219166 218240 207094 237414 249475 221437 216544 222231 252474 228214 246285 213468 248173 220852 241149 241158 234420 216163 200029 228434 240761 238364 233938 219785 244087 228493 255872 239361 239472 226504 229875 225868 237686 235848 236763 257447 234900 244409 213614 255487 245666 212478 250850 206639 213365 231361 256540 251191 226831 
256135 255036 256017 264919 245449 267946 226865 256352 273065 259043 276533 284381 278737 245920 223384 252965 263620 277533 252946 241280 243635 256326 251144 234569 281029 276980 246274 241379 267381 258180 218815 291603 255133 267993 256948 264138 278036 270067 276243 276054 258319 279697 282197 261108 255964 256911 250667 241408 266180 251222 236610 258823 253987 251510 260994 260563 260165 264625 255326 256789 252289 266482 213453 244819 265031 260608 257671 276535 242685 234338 279083 262822 261647 272973 245896 263130 263275 287416 254142 247641 262936 252670 270781 281612 269588 258699 307774 245761 279789 237071 291441 259175 244005 276251 230792 243042 270132 271628 273373 255012 
241192 242832 237800 250927 241765 258093 229729 233772 275989 244925 276833 271847 270701 242026 214348 234802 249555 248495 244834 265454 254499 257524 246080 218684 281361 271587 246802 237233 249516 260409 218239 263801 240739 251271 246454 268924 257435 257350 262885 242834 244695 240607 268559 251269 262426 253472 229665 223916 256905 229304 229935 240380 243623 239609 274868 250482 245260 237799 253556 251828 245203 252417 225066 247958 230353 254536 235747 251794 228171 214693 235453 260617 244590 266334 216339 257629 224710 282810 267633 242398 250264 256637 262111 275619 246149 246462 279807 258320 271374 227753 286854 256198 238605 257276 226339 236020 256642 269333 257088 253768 
246506 250655 250600 254601 243971 240748 217949 231417 263310 250841 265905 258192 266287 238381 213864 236495 246859 257893 202911 234209 240613 265467 241895 218950 252033 255909 236427 231076 247894 238899 226267 259321 235113 238552 255548 250446 249240 261953 262306 248951 237675 254126 259060 231686 236842 229540 241952 241803 242309 215107 226825 236691 247846 232167 255562 251696 240245 234203 237388 263653 235490 243196 197663 245685 234918 256357 245058 237401 242283 213305 251936 248890 255693 260577 233606 260863 242291 256951 243058 241253 250283 254240 243604 262436 242431 241198 276317 231960 255912 228223 265820 250860 237337 256073 222805 219079 241688 261901 255267 245980 
252135 239620 237459 250732 240061 245123 223097 237753 264625 230377 263181 248614 254780 239711 214937 234027 246244 257299 242336 236484 242884 246094 239685 241963 267389 264821 250550 235520 241708 237428 212967 273174 240508 242589 239378 240971 255455 240766 261318 263480 249871 250183 258669 252737 234025 252262 236942 232996 244198 228473 250004 235066 215830 230230 253204 240456 258683 226320 228400 255983 242366 259303 215761 245160 251272 256429 251092 247176 241091 223458 251895 274084 265282 255587 209164 250386 265111 278392 261286 258486 251758 237932 253882 261425 253953 231093 258241 247455 251246 221785 271302 262689 241367 255014 236095 237045 241362 270012 262982 241457 
283646 258536 254993 270511 260869 270808 242719 265621 291938 265965 308299 293060 290909 265752 234546 253297 262633 295421 264570 266149 279062 272379 253325 246707 292548 276283 266978 254863 276226 261725 253938 287513 262882 271210 272160 275435 283129 271707 277707 271922 273689 276337 289685 278004 251652 265966 256958 260189 266781 239546 250415 254823 272637 259669 291777 284907 259971 259932 263691 270687 249706 269943 243432 280704 245445 276462 258839 260828 251737 236000 284312 269538 291073 271238 269365 263776 269731 304360 273166 262391 268973 279427 263583 274430 277348 270523 307950 282982 289701 249400 310127 272550 258797 278955 239842 238326 268574 289632 286321 267382 
221311 244189 252351 238571 229231 248367 207932 231094 243064 235428 265411 240922 240030 233022 208896 233898 216915 259080 216886 244940 248714 244122 228721 217585 259528 243389 225443 225889 243817 223952 216056 258093 229232 231794 236220 240804 243414 239968 242939 245788 238020 234459 238319 240182 226522 230175 238675 223846 219959 211429 224053 249300 219054 227793 242246 244001 228211 229289 216674 250018 235026 238620 200996 229443 225495 235912 226338 225505 221593 207624 258317 242920 243583 255899 221441 246416 246418 244204 246966 228413 228079 225352 236412 259345 242410 233718 263158 238399 247007 215846 272910 231956 245094 245825 211354 216679 236478 268656 240912 248481 
264155 259031 253133 270093 254790 270412 247577 251964 277839 263000 281883 275990 266715 278750 214532 267999 270085 278783 259737 266239 257988 269886 246219 237394 287032 291498 252527 238555 260106 263287 243551 270394 250667 264794 269507 250029 283421 265307 269377 262659 261253 275645 277827 264451 256137 258589 237519 250060 274226 241636 251537 249419 262935 241689 283267 249808 251640 258558 239720 274688 256908 270686 243934 263628 252956 268183 251415 261127 242903 237428 277899 264415 281718 273109 254151 277132 273808 285370 271237 255146 259736 264206 261337 275873 270307 263551 294970 264185 280496 235353 289715 270760 264526 264100 239370 267716 263397 287915 289853 261425 
239795 263080 234359 242691 248901 245890 219412 242537 263158 244042 260871 248247 248155 234270 205278 235815 239124 234286 215105 248343 236886 264719 241309 213469 254806 265871 239343 229932 253399 241395 215937 260497 235025 247339 243460 252475 252599 258920 251957 240587 257535 245218 263654 223790 239939 222524 223476 223962 251627 218190 211994 224233 241006 235391 247745 251756 212800 245479 212141 254146 241125 251487 215373 234715 235235 256196 237034 240700 231867 223080 232701 250704 253223 256491 231209 271659 248213 262573 240284 246447 242107 243235 253982 270183 249016 236023 264407 231915 253727 220193 259034 264139 211477 241953 224001 237911 226561 262420 251177 237864 
246270 238593 237638 244684 245350 249292 229477 238203 268120 241040 258857 255136 257340 228780 210715 228650 237718 262916 229809 232667 237486 247454 226579 217217 257321 256885 226089 217739 248423 218253 216441 264807 238280 234293 232395 255904 268116 242136 247071 237038 250453 245576 240490 232735 233190 234568 231819 239063 235035 216670 230033 239378 239735 231043 244978 237210 234107 240049 228592 234920 240430 247968 200847 247798 237149 248214 230595 238257 228815 211883 243446 231608 267619 240467 222707 256949 252723 272533 243758 230380 233728 250989 235057 260671 245236 248156 263491 236765 243198 215213 263895 260829 227688 235912 218055 226617 226875 266370 244766 244584 
234124 252175 241581 239878 245495 249017 224686 235581 279229 257762 263524 256821 257469 251714 199801 239882 228477 271736 210722 245140 238567 262542 247715 222465 272422 261147 239414 234276 255274 241712 214237 258224 247294 231523 234229 245886 281046 254381 253204 256796 237550 244714 268224 231147 245006 251024 208049 234642 257467 215520 220037 235274 233427 226627 245687 244077 227093 246742 241176 251229 246080 237938 218664 242720 245103 257983 236829 255339 234160 229087 254624 259774 273838 263161 224943 260547 258042 256037 252511 242928 234095 260636 248378 263743 249946 245857 271301 242171 272325 215823 260094 250691 244715 244066 235915 239670 250106 273233 256851 235608 
244664 247016 242762 262360 241981 252044 218733 240554 269737 243117 266066 254980 263187 255587 234618 231924 237995 272955 229274 248511 260634 260347 240436 211398 275247 257171 247197 233660 256212 229509 223666 262165 238872 234468 247684 260962 267096 243328 257278 274789 252840 270897 246523 277796 245801 243616 240897 246761 259775 222500 248907 240210 248501 231090 269581 256215 247152 259532 239391 255770 244278 249394 218276 256024 233937 257761 239346 246549 238285 209858 272220 257254 273018 255262 231073 264618 263539 276479 268665 245678 248421 247305 253423 255091 271953 242193 263399 254135 276806 235226 282434 273160 256466 266010 245151 236929 245051 286041 255922 242670 
225543 222615 217672 229698 229298 240970 203401 219899 246475 231275 240261 233816 230355 224840 194585 209113 206964 248430 199250 234793 230054 238636 221813 199636 244534 246652 223371 221901 230507 230544 194921 234702 218999 235243 223695 229313 258601 219620 232637 230793 233867 216761 235845 209248 227349 244718 205085 211370 222967 202092 202334 212453 216775 217412 211407 235811 196943 221076 216482 211798 216417 231762 204368 224711 215708 241568 223331 225206 204638 199785 229907 233833 252369 229669 215656 232561 230357 253915 232096 222344 222312 229909 224608 229375 237580 237642 245969 219727 257683 200818 257463 242386 209044 236653 207715 217947 226187 236737 234121 225422 
219090 234412 227694 237005 231572 239955 213833 232268 247559 229751 249952 241978 233426 212192 199817 224864 235116 250153 241589 223180 227287 246084 229137 209257 249146 243903 235258 227295 233535 229483 208855 249568 238838 225068 244099 228462 245547 216344 237801 234696 225614 237283 243909 248318 212716 234334 216764 234651 240594 227493 210118 230183 223810 209380 238378 235120 216307 234583 212079 240634 227417 240986 210279 248420 225809 244416 229919 237776 212610 215647 244137 247974 249450 245129 228409 238308 245734 261415 225948 229555 235307 227152 226328 229673 240295 238853 258437 237314 260820 212210 264042 243915 209217 247708 227944 206250 216764 250794 242448 228352 
219063 234875 227518 235434 225737 222594 194913 231471 246797 221318 268618 235590 250798 216937 194226 219479 239658 248717 225530 235878 238190 229980 238822 211597 241605 252395 234023 227609 243397 231515 200939 248380 224478 239913 228269 240842 250613 225894 245024 238784 218996 235256 247048 243874 216165 232522 216739 219374 225218 212660 211579 213842 216564 193340 229140 244886 231223 234676 208792 231652 235367 241560 206793 243621 231077 235293 236737 229862 214401 203549 231171 234841 226755 238496 201621 242660 227583 251677 246030 225147 224082 227982 253366 253034 248026 229453 249198 234606 240586 207025 251918 228396 222817 240374 214534 216526 214681 249201 243724 235397 
245516 250311 260690 267450 255273 254708 229126 250415 279009 253927 281982 258639 263205 256453 193950 245244 252803 277970 228461 239076 259737 269522 233025 236468 271480 275958 259206 241674 265567 238668 218546 256502 244459 254056 243445 266140 280484 254467 265204 256581 259389 254743 278541 248789 249348 259183 229493 249774 253948 223162 260640 251477 254330 244855 263339 249549 242141 235632 240394 261650 239046 263652 217451 255507 236341 272223 240968 236887 220724 205074 266339 261928 281596 258419 243456 273043 254880 258354 273765 252630 252553 244927 270874 260589 258401 249819 286034 246491 269084 220611 268182 254178 266380 264113 223742 222945 254241 273604 262057 255952 
219931 235254 243927 253170 236831 252189 222497 246092 244498 245794 261618 258536 236443 243967 197685 235470 241329 242919 223191 227343 223700 253853 232759 232636 264213 272646 234307 215397 245927 233654 223548 265127 232921 240338 229021 250837 261651 242109 255685 234835 234106 249869 268437 249368 237183 250626 235532 236831 236582 223021 211467 221081 242643 230272 256289 246086 238770 233152 243555 253154 238823 252477 212575 247474 232025 260149 228116 261370 238211 218566 262868 225926 244883 268328 223300 256519 241533 245685 259091 247540 231044 254401 259595 254104 243180 248375 260341 215133 255400 217851 252660 242872 247370 251258 215445 227193 243948 257330 264357 230522 
270510 270803 271107 291794 261402 258666 243311 287967 264898 275170 292654 293620 278491 277303 225461 271830 282040 283626 263249 272498 261756 280783 260245 254350 285370 275232 258160 251405 280755 259747 256962 290332 249773 276241 274642 281696 297261 272223 280879 282633 261912 278477 281755 278000 253260 253265 269941 258179 267311 248631 258701 253527 268414 245604 289988 280492 258656 259777 249858 288123 266042 273019 231913 272617 252567 269678 256917 270274 256434 250911 300928 261542 284111 278954 257762 285249 282426 285116 304800 270054 266020 272606 285432 284434 283417 251540 300135 265936 285045 251818 297921 265210 275737 289038 239771 269283 271118 306119 288723 266415 
252766 228608 229916 249897 224636 237994 228916 217195 255778 234082 272176 261786 253498 238488 206124 242158 234206 272007 225488 218208 233708 244708 224451 227883 281860 243970 242990 226834 245809 231971 229184 254281 236363 244733 234701 246338 251829 233884 247714 245281 234340 245978 253416 239438 225094 250285 214746 243279 253091 219461 203993 232572 236545 220841 264450 234406 217949 228971 230274 236781 239900 238846 216586 237481 249101 226243 227634 246480 228792 227207 253281 228410 264045 246960 224616 256720 259049 266932 254736 231063 239790 251410 248337 247972 238758 235823 271604 239995 265919 217408 272404 265137 235930 253432 228505 234690 243036 247183 251469 216001 
258646 246607 235827 248382 250788 248922 242529 238478 276269 237304 264104 251413 247959 246610 211892 244376 242964 266268 232916 248888 247047 271136 233288 229273 274089 271709 250923 249612 264987 240710 215600 253442 229320 247614 233660 249778 277995 256366 251124 246589 239390 248486 276143 247544 233521 252328 231272 241917 250436 226148 244129 246983 245669 221217 257976 228026 237353 251573 228427 263742 238640 255242 226618 257065 252575 261443 236973 233282 212874 224100 241231 254701 270102 270219 236376 267480 263125 263655 261817 244807 252193 242329 261037 273244 252869 239907 275249 248838 261133 228140 265300 253959 265815 239214 228629 236148 247862 274038 259315 256109 
237560 240433 230286 230380 231058 243322 212622 219591 260729 226749 261062 252775 244155 231743 199700 219000 237034 252985 225847 242080 234748 254863 221961 215133 270039 255729 240148 229833 253034 242412 206808 254048 225013 233602 242964 237368 240346 239362 247969 246959 231661 242609 261551 230043 234544 244310 225456 235942 241634 213679 227123 226477 224096 221120 236150 241510 226923 225169 230716 250174 224924 232300 201050 245497 230434 248303 232381 233775 227659 222668 236527 243001 248211 260917 225572 235817 232587 262733 257431 232215 234165 230115 231234 246477 239277 246488 266935 208474 257691 210512 266003 249505 232914 254537 221153 217701 240353 267223 251799 234439 
199816 216645 216775 209080 218330 212280 187629 206486 219155 210694 233531 231525 224325 206746 187538 187879 200817 237316 198436 209287 215016 213661 202920 191215 238513 218386 209258 216987 215483 216120 197461 222929 217969 213592 216515 204315 234585 214215 214655 220094 205434 218164 224045 236021 196232 220285 206779 222495 207142 199326 205092 205077 197051 199683 199943 208565 199103 227747 204357 230124 195408 206488 188732 221691 202539 224985 215403 212837 198972 191892 213395 213137 228973 234981 198887 208274 216187 240512 216543 201193 196962 190632 218590 220717 225566 218194 231980 217053 247038 193401 255572 221950 216777 230332 200398 217447 206585 241113 230134 207984 
271740 261971 275091 270025 268892 272437 249078 270348 288059 272668 292843 285585 281178 261383 228193 260989 263844 283149 253976 260046 262082 288769 254717 241677 298259 290401 270482 241969 292759 251914 235688 301718 278437 261252 254801 275093 281827 276578 269880 282818 270554 276336 279987 264603 259932 266475 251159 263201 261223 234523 245453 263788 263824 259534 284353 265072 247099 260844 245729 267854 256346 277940 247651 273359 263051 280848 265144 273687 250840 235642 272529 264455 296600 269935 256414 295665 272569 294223 277342 261949 271888 274663 286484 297865 277687 263056 297850 279141 282794 232588 314536 272073 265428 276042 241173 262163 263231 284123 273735 258487 
267748 260753 262956 276217 266656 277180 254546 262479 291167 295542 289639 301357 296164 270836 234972 246764 267127 297223 263675 257699 259862 292557 269215 249719 284262 305670 263905 245233 279515 261627 242373 293836 273948 260794 275603 281393 298296 274755 287709 289097 258858 293172 290505 293174 262109 261946 258613 267777 275984 251483 251193 261670 276683 250475 285918 266651 277208 283615 288756 276088 265289 276231 236507 276100 262472 300422 263873 272208 269998 232897 288786 281003 301186 285066 255696 281370 280660 312183 277444 278716 266891 271900 284585 288986 270862 259178 310344 290831 297816 250302 310678 281896 269206 279386 251228 274286 268691 280655 287911 260566 
243309 233276 232063 230159 237071 235885 229732 225227 263124 240839 270708 249056 248441 244697 211664 241324 238874 262946 224073 245106 236328 251983 233942 228088 265061 274122 232830 232876 247450 231573 215227 252140 243878 231538 246617 233276 268727 239904 264207 241036 224482 249502 273008 246690 235147 240419 224229 229217 234626 233931 226124 239175 240182 221561 246415 229083 246235 236091 252324 271989 248551 246063 211751 246823 245297 261047 226059 244673 225371 217573 247623 251985 266462 252639 220026 266861 256993 262944 264245 251273 228721 251966 247018 245297 254042 239003 263991 231892 265879 221186 262539 254847 248274 239321 219955 236253 241151 263199 253925 241731 
231144 248388 246236 235473 224451 229618 211148 238437 253423 231917 249882 251716 252283 202916 212855 242478 246909 252626 228975 229146 230631 244434 234125 224382 259572 247402 228449 221052 243557 233305 207030 259354 226049 247723 238908 241675 266374 239542 242259 238895 237689 236370 260939 256220 235771 224141 239044 224460 240128 214784 231193 224396 240793 234850 233349 252682 242198 230532 237545 256677 237479 240673 195814 242904 233653 237537 236479 242180 233298 224531 248357 238815 245149 258178 211382 248058 241612 265867 256942 250213 235674 256144 262792 258201 248943 230582 262608 233644 254495 201749 266060 231516 241869 253359 214568 245709 227153 268748 252563 230301 
241240 244085 233962 243191 228006 237762 216656 244156 254750 248273 250480 251443 252904 238491 205503 215701 229748 258445 216385 218699 237954 244981 238565 203868 255395 255082 247073 229879 243708 242477 214709 239578 223718 243879 236516 232202 262972 235173 227718 241757 234714 242474 256275 233675 231555 233968 217545 243161 258394 226660 223143 216025 233011 232248 246370 243902 237353 230295 239587 250957 247835 231818 205924 232592 239589 247322 227621 245522 232777 229145 255554 254381 265674 253123 219460 237969 250486 258659 244608 238422 234794 233655 261900 247105 238719 226569 274579 226395 246711 200567 260349 249153 232884 253287 218654 224704 238549 258588 265916 234744 
265083 248678 245614 256995 248836 253618 228500 253121 287771 250684 281631 284915 276781 269052 208037 255369 245571 275890 243613 250421 255590 257078 261809 247965 287009 276621 257048 249707 259051 244333 230067 284104 244522 248997 254920 261129 276473 265110 265622 249511 244170 275383 279525 260204 258480 265005 244987 251315 256749 245352 239116 247099 253127 240859 276122 255574 240225 241573 248055 256860 242841 263335 227183 266100 260950 270757 246271 263470 234411 237073 270552 268284 274466 266892 236555 258739 267115 288993 269773 259210 243682 269000 257028 260873 267451 259832 291796 247312 284044 240903 292156 265746 247722 274139 241466 249229 257017 293579 279397 251952 
255717 243581 227852 263476 229061 246178 221147 229846 273304 248481 271968 280456 262392 230068 203024 246433 234915 250978 234593 215745 238507 272220 242866 236158 260143 276197 248682 224827 242777 232504 229497 257596 241273 238441 225574 242340 265730 251089 257027 254340 248889 242808 268489 256417 226295 239459 221976 228269 255999 224255 232710 227826 255158 230370 267509 249551 243653 220686 259269 260405 229446 242944 220692 245066 244528 267319 239384 247021 234514 225728 267175 270056 267204 258783 250713 250530 243110 267826 253784 270539 256073 252611 247165 265191 250251 232882 275955 229948 256941 231444 272880 258390 237641 241056 214351 237870 239098 262285 260876 232746 
243664 240081 258952 260562 240150 243788 221247 232532 265285 256391 280846 261281 244190 252514 208907 245727 265023 274709 237518 245689 239360 260580 241824 228774 258120 267594 231424 217960 254450 246728 229008 269926 240361 248087 241865 251787 272857 248862 268329 271688 237967 258459 259919 246375 238530 252918 246548 233258 245565 194872 222163 238476 236471 231407 249355 258716 242681 245274 233186 246159 256533 254988 207315 237592 238837 247424 242434 249634 235995 219226 263531 240284 251507 263677 236677 260668 257903 256546 267018 240516 237461 258235 260452 259690 260475 252391 273169 242075 264577 226231 279736 246337 249070 263049 222692 233807 251689 266058 253969 240887 
245520 238616 255804 244136 251837 235603 219607 237450 256333 249871 271043 259961 253486 246165 205898 243233 236246 268465 223344 243367 232929 256227 233946 215117 271002 260104 244479 232847 256412 232415 225129 267285 240665 240641 248327 244986 260125 258335 256026 255145 237198 255803 260577 244318 237637 235030 246839 242882 235846 225001 233170 241965 226883 240717 255126 240923 237836 231232 246595 263476 225522 250346 204590 255364 227923 253344 253495 247300 227340 222464 258011 248695 267300 257789 232254 259697 254819 259987 261065 245726 235598 253291 263310 271508 252633 240712 272161 244118 263357 229847 274852 241297 254833 258114 215502 235999 249340 268855 249135 252634 
248747 239895 237360 243081 250930 234150 224061 230410 262038 231142 255612 257618 259945 232395 182567 242418 232236 266949 214294 249057 244486 248795 224656 203559 256721 261285 225282 225992 247385 236346 208732 250334 228036 251545 228493 250111 269618 241243 237028 250079 248073 240785 262981 237915 243493 243906 211633 230416 236001 214356 237970 233390 237715 223172 243548 242452 223889 230579 217932 244729 226681 256147 217296 256428 221355 258593 240263 224671 216437 209212 246797 237914 256587 239653 217761 258742 255564 270650 261849 242618 232853 252518 243208 237287 247635 261522 266932 244579 268270 220726 282075 249733 236251 242690 214915 236271 250156 272094 241285 231956 
221710 220612 222045 229530 227255 218544 202715 211146 242950 214336 240079 245144 234735 211834 186986 217307 222465 249556 223764 234545 222310 242565 218655 205730 243210 234448 233465 211075 243760 231919 189672 241682 215091 227745 214148 223717 245393 232118 240838 236267 218070 235613 236311 231521 211977 231310 222285 209408 209796 195178 223340 222206 218785 205018 232733 212643 218424 213279 229928 234363 219578 237285 201467 227857 211470 231450 223654 218813 212046 208094 240054 242962 226607 232958 217498 235559 241744 245927 258761 229069 234168 234217 247004 237698 243423 224767 233382 225724 222954 218521 259758 218552 237536 233054 208735 224636 231402 254089 236905 230456 
257020 234425 254106 254831 246259 258400 239141 248817 274645 256332 274296 270379 270741 260874 215021 243164 255876 243991 248694 238526 235311 266284 237555 241470 260658 284388 250937 228471 265026 251116 217961 267327 237836 242912 251789 258766 295282 265409 274248 258857 246851 256537 273562 264080 239275 239263 223126 229363 252293 230858 242010 241557 255202 233281 263099 253883 252050 251015 252592 257247 233062 251708 229380 266321 229628 264850 248892 261220 234211 232969 257998 265654 284009 268493 250743 278037 264123 286010 259957 241287 252134 267855 260154 266651 268151 237121 291904 252034 263727 220738 282465 255630 255653 260240 223936 242801 253194 251635 263160 250310 
246113 236891 251802 256929 248394 254531 206500 251792 264974 262301 279437 258146 265730 249972 205669 235228 240774 254303 247602 241152 240698 257214 230593 220749 271015 260668 248704 215516 241090 239137 232466 271260 255208 251275 242510 239522 278721 264550 256686 249002 247833 247548 257803 264529 241458 234156 220553 239041 265463 213011 220282 237087 247441 243265 254122 266406 237253 239364 245805 244992 230024 252777 226399 249223 228096 252752 246289 260180 233474 222007 264857 256789 274580 255549 246220 247354 248069 278010 246959 235039 231855 250797 251283 263261 244906 239606 290542 243153 253893 225472 279820 253789 229510 246161 229646 228861 239400 255406 261429 233180 
220528 237354 227380 238647 235276 228627 213539 220631 256672 236345 246556 243911 232128 233110 201094 232649 233370 241424 216368 229604 214610 238589 230643 215837 250114 257953 228083 218684 232560 230350 221886 260579 222109 227604 246710 232149 278919 229342 227681 238533 243965 226627 257729 235524 243257 240111 200491 231948 243359 211127 212714 226049 225888 232354 237618 236428 233734 229002 228041 233232 227844 235047 208024 236775 234157 243917 224363 255998 213363 214685 242549 232349 241982 239432 224396 249501 241181 247595 240966 226621 232719 256362 227932 247188 223940 241767 272128 227466 250409 217726 249502 242956 225078 235588 215705 218552 244709 249129 248238 248668 
252648 243669 233040 260047 244921 249596 214486 225869 271401 244146 258438 256270 249715 236208 217826 224194 253623 256295 237431 246753 257579 259096 239952 224360 268979 261102 249290 218228 246363 236988 206033 262003 234387 249244 239855 263499 282934 257923 248323 234644 250055 244722 256016 262878 246450 245207 224951 228797 262162 217182 241869 247382 238311 236018 258162 239247 236543 232239 236442 238878 235880 266735 216169 243807 228603 254013 240399 233429 240918 229454 238884 260419 261599 258016 220183 273264 257874 275054 266314 236693 250525 270699 261477 247754 256101 261451 273121 239501 246020 217426 269834 250365 238118 256388 227091 237968 255644 264486 257133 251652 
242910 242831 252346 258643 244604 246683 222445 252099 266257 261890 276230 264909 268685 261464 203830 244149 245499 261203 229225 244038 231109 253737 241425 241248 262529 260639 235965 223378 238379 241431 227450 268053 239881 228973 251634 241346 268010 263932 262910 259062 232910 255296 269637 244085 238351 239997 229409 233052 247528 222427 228198 233193 241136 234775 258477 258917 241523 239649 242724 257954 226753 245070 217788 228862 231884 246902 241173 244673 241594 206366 264082 250188 265300 257281 236468 254245 246594 265963 254603 238858 239561 247392 250363 258593 229522 232028 274752 241246 258504 227842 288473 254008 254263 254512 224884 231655 249565 255021 248496 237123 
241374 254233 256251 255158 238228 251462 223808 222160 262320 240225 279732 270624 259581 242098 207465 232131 253616 245987 234233 241851 229488 245116 239900 232048 266077 279783 244054 227318 240354 247951 221573 263573 243631 242313 254327 252344 270974 238612 262160 247506 256043 239293 271654 236283 252378 252678 243222 237784 241453 222716 229158 231595 251223 228124 251421 259364 236323 239848 241286 264113 236106 249281 208656 248776 241768 249483 241029 263541 227552 223742 256751 257243 267902 253177 226830 257523 261325 263486 266436 251509 241773 269481 256809 263427 263763 247617 279121 228994 266638 216819 270434 243339 237608 269966 219825 242217 260852 259595 258647 243074 
248630 266844 258457 246995 254036 258614 242879 253932 277237 261712 281000 263301 264385 259832 220014 254822 246268 267077 238345 259742 235675 264062 244743 224534 277410 279362 255502 255678 264781 252974 216772 270558 256090 257838 249617 259359 264918 255622 275695 251892 256072 273856 281600 240515 256745 245087 231216 246643 260996 241428 237430 254340 262431 248557 258883 261818 234813 259075 240749 264896 254164 259842 218950 248338 248665 266442 241663 257478 227248 221684 265540 259006 278628 263969 240227 277287 262429 270671 262220 248394 247126 250501 261592 278323 258182 257530 283607 259475 259008 229558 279353 264821 237911 260086 226199 236956 257461 271899 272214 247213 
243220 248337 250404 239755 246280 241427 214608 237553 283768 243800 289546 269519 263034 234367 211290 233095 237421 285659 215049 256955 242696 251666 238746 216495 280530 259801 234479 234476 251997 246839 227104 261630 237492 252899 230971 243554 255758 253032 257047 252818 244393 254865 257088 241887 233058 263462 228252 245561 234628 212927 208847 230300 240109 219872 251085 258332 227487 227849 248876 250075 242860 234620 207628 242423 247074 254384 239480 258700 236943 206056 260520 240879 270874 261140 226571 247910 251773 260902 272623 240525 234158 258343 239037 269891 252393 246466 284676 241336 249183 215355 276347 255108 242014 257566 232149 234939 247214 263938 250242 248780 
252185 269549 273471 268476 246490 263494 229972 255062 294731 273483 283235 289930 273386 264102 224962 241385 261281 284041 232948 251677 261461 264239 245456 236099 272671 294731 252942 242014 256060 267954 243861 260513 232070 260210 251090 264916 274096 259571 259807 262344 252426 255108 275611 255558 256140 262712 249594 243478 253206 249237 242617 244868 264937 250522 277914 266475 243435 252793 261192 281854 257536 264055 235264 258465 251954 267615 255491 260743 242049 227299 266520 258057 275099 283730 249539 265809 263574 277769 278548 265362 259271 254578 260896 285617 256727 268961 300357 250806 284187 231639 292246 265815 260703 265502 228272 239242 268465 273496 272530 275417 
244366 252936 246477 254211 248190 251036 211882 257257 263785 248103 281003 262123 264491 258464 221235 237274 249628 256767 230669 243174 251480 252796 244383 227562 280339 267522 234308 225993 256448 252297 227603 264743 237695 255349 251732 263269 268524 257200 240487 246988 260885 250164 262586 243448 250545 255575 224128 227997 252179 228789 218630 218681 248841 224363 263365 258359 226778 248396 212910 259388 231951 249296 230134 253465 243504 259448 234901 245894 234533 216744 255283 251575 250826 259604 232291 270730 254560 266970 263147 243819 241018 248065 248799 255576 259028 242572 282853 258894 257788 221466 275096 271296 244221 260804 224370 236934 255534 269446 261086 237071 
255085 272799 271259 260265 242066 248623 232756 258136 277392 256549 289108 286111 268539 259505 221278 263967 260719 296171 237556 264089 253601 272472 244734 249578 278551 278231 264055 246897 263957 262832 233987 270905 250259 262388 256094 250744 274957 272688 276626 259756 238026 269150 271633 252674 252868 253444 262255 260668 251411 234330 253616 253918 271024 241439 270861 252501 240413 258233 245885 287678 253146 270611 226596 267333 252074 267061 261298 260000 240427 229130 274205 258548 277021 283692 255010 266835 268667 279684 284812 255735 253775 258668 270894 293512 264349 251270 295328 242662 271370 235665 298105 252711 276802 267719 241257 237329 251045 272155 264039 262593 
213880 215215 207621 215640 187416 210265 196114 200399 225427 217787 231652 221996 206343 216447 174987 200735 206964 224204 200974 201020 205929 219438 194579 202647 229739 230431 205459 181005 221221 203247 198823 233433 203448 210383 211146 207397 222224 200656 219465 205867 228088 227746 224856 214278 195883 207672 205299 200128 208352 201554 195873 198412 215321 192690 212621 224777 193355 207794 193151 220006 206674 212263 168700 202142 210090 225978 207528 209465 200873 201796 235236 218334 234033 229910 201475 214825 229131 227972 223424 214808 206436 204298 216355 224485 211009 204060 251509 196204 221426 178304 229217 216360 215841 225574 195979 201780 220357 226032 228837 200189 
247386 240460 241645 244999 237060 235802 227960 215319 269668 245772 269033 261974 258751 231738 204923 231539 237340 258281 221992 244146 231150 245216 228637 217553 267648 254797 243758 215144 254029 250219 214535 263046 230710 242813 232779 257455 259775 232029 245311 251418 239497 227941 261258 240771 244129 226460 227104 226065 242008 219397 218650 223832 251931 226312 252522 260387 220547 241537 232799 244272 228176 243410 217270 255133 228259 240313 240828 248951 230621 223648 258946 247718 263604 255355 225946 245074 256374 262495 259562 243453 241433 247376 242635 267344 245161 238282 271588 236248 263677 219966 270119 236270 227016 247472 222868 234905 239672 250195 255431 233691 
253676 233334 243975 239662 241386 241413 210392 242855 253437 235077 254070 247068 242336 236032 208783 241172 224551 251950 219663 237381 228754 257604 233871 209999 250798 259218 231138 215933 233219 251362 215284 257341 226738 238558 241429 212451 243312 258478 233781 238567 240093 239413 250614 229046 228554 238838 219321 220812 239576 208813 210700 223352 226244 239215 242217 242273 230944 221117 221623 249202 231533 241144 197179 215592 237885 250597 233651 221018 227901 214099 250792 251835 250188 257757 223744 237564 233144 249210 237041 232984 236122 235157 249455 247747 231105 226673 272640 232531 241033 208730 285877 257204 236483 244101 219581 221529 232777 241225 247504 228937 
254842 254523 253119 274507 229157 257656 221735 248106 279103 258826 263584 258710 275238 253795 201279 237064 246762 257314 231849 227800 245564 251603 256596 234735 254136 274875 239499 241111 253587 229280 213836 262875 248599 243452 242362 251532 277042 245572 250973 254677 246934 259542 271546 244615 247355 252304 231959 247263 236981 227181 240647 239681 251831 229194 264965 269288 250217 252755 245815 252369 226469 244702 225106 241925 246158 267668 251046 249249 232844 221672 253882 270937 275596 259278 225475 254094 261878 270405 270390 249450 257092 246409 251085 249633 250190 245549 278804 233667 260111 219643 272117 259381 240392 250394 227345 247345 259394 268735 263681 240066 
228591 224899 233438 255189 239359 228159 212378 218324 248845 231646 268253 246097 243684 224849 197566 233407 244288 235354 227801 233379 235692 254261 236374 234839 255204 238667 236247 212911 256954 225864 214603 245256 241748 238295 241786 238674 275138 232749 246121 240836 240542 220247 252580 253435 235371 231910 216711 215047 246093 202622 200500 231655 233162 222231 248478 250296 229131 231496 227574 233978 224164 233577 214466 240960 215207 221349 220361 236231 224025 209358 243819 239150 242380 240743 218193 257404 235390 250886 243279 233094 223681 248109 253019 243474 240706 219528 260725 237657 254325 218160 258167 234133 221967 242687 231414 221382 223867 247743 248779 220767 
254505 236479 233071 244157 250211 234138 228658 238369 278847 240291 262815 254702 253980 246007 218816 230974 229156 263247 223233 233171 239741 252609 224755 218140 258479 259671 241538 224625 257028 231722 224473 257431 246524 237281 229264 244789 259991 248544 239921 250041 242522 258217 250254 255997 243218 244120 234067 241069 262642 218270 214419 221441 226929 230330 257181 234375 245136 229738 244634 241782 244453 256956 204652 256429 240931 244276 229483 254028 225929 221929 253544 240961 266311 241604 217463 260394 244330 269437 238980 255593 239048 255584 253803 280398 252026 236388 272444 256264 254536 212095 268699 247244 222386 252369 223754 224804 231968 260494 266019 234993 
246021 247847 261416 240599 248824 251080 221455 226552 264101 239697 264916 259147 257742 233005 201668 232267 248995 273897 226038 231513 229463 256953 246536 231162 249640 272456 233221 229079 249450 241034 214766 262403 232365 232808 228730 237270 265722 249824 266959 249389 219857 244003 266791 233798 243294 241326 236675 239771 247255 195164 232391 236488 235934 232196 248312 246309 226855 252866 237266 256084 227648 244086 212045 230412 244959 235704 230864 234551 233033 220108 248748 253696 259363 269344 232621 251689 269969 250722 252366 237777 229571 252042 252778 251741 233702 251716 255977 235983 263055 228321 270693 253227 244610 262171 232062 239550 229973 250550 258991 225487 
225991 234773 222648 250935 232351 237467 217795 228984 255156 247051 250742 237883 248627 245605 205958 219342 232793 241746 221687 229300 239190 245230 235210 203150 254163 260217 232289 215515 227846 244546 203986 255794 232594 235808 221672 254679 259605 227786 242342 227897 229470 237638 257401 238257 247634 244621 224495 239615 253450 209484 236378 226112 231870 230385 244617 239586 232575 229551 222689 238775 228615 244884 207357 236893 213448 255250 222841 243448 227142 204910 236302 243710 246170 252118 223431 262409 236874 260038 258714 222425 221217 237749 235030 241592 229480 231546 258330 232541 247184 204217 254014 248917 232742 239273 218655 218977 240314 252924 249897 240038 
208871 209942 216768 212346 206901 230717 204938 212767 238944 210069 225966 214328 223794 221617 161906 218230 206393 223121 203894 202762 207992 224538 206684 180177 210509 242750 206016 195463 212424 216290 174158 222052 213687 205052 209033 219670 234631 208676 229115 226475 199996 215239 234432 212385 217415 208663 182985 211324 218007 183832 197919 207918 206613 208034 227368 221046 218213 214294 204585 203363 211951 219956 185869 216053 199087 232936 204733 214321 191743 181792 215487 231413 208260 228683 181383 232696 198914 227416 221552 212083 196762 214701 232456 214846 214827 215337 219670 223309 248464 190747 246750 221694 196179 213138 182947 191308 202931 224243 222456 231768 
225200 250807 248673 264181 248914 230800 232827 236652 252194 240565 265787 255003 259412 238968 191686 242466 244022 251919 231773 233272 246226 268315 246285 219158 254077 249005 244786 240028 279339 231567 230520 271260 252506 252041 242480 255453 269334 251304 277473 266432 252057 252803 265707 255425 234602 241433 223449 252750 245465 215589 229926 246690 230444 223257 266412 253852 239559 233439 223186 250695 238580 255086 221463 243624 230866 243049 249826 248945 231550 229012 241968 259655 246303 260973 226404 262721 260119 256740 255411 243562 252065 250689 267269 258559 237094 246700 260970 240058 260709 236224 273722 241498 225933 265041 232921 236319 246061 273942 263104 231095 
249706 230564 235630 250497 243521 236518 229230 236117 261729 234223 263302 250247 235371 239310 196372 240762 235165 248133 233922 238694 222738 246040 229363 222094 256482 236530 237880 213661 240353 217526 229260 257652 235705 236309 230682 220900 250790 243483 245586 243383 231360 253159 256350 248080 207373 231213 215634 237106 252858 207458 222382 232066 231177 215063 239201 235838 222954 209913 242447 242858 228252 239674 211675 241264 224548 249406 244969 243391 224158 220764 243522 238033 255001 247873 231158 263605 240849 248751 256498 249636 235016 250016 244426 236273 246841 217049 264518 222764 250858 206012 269341 258018 243208 231150 219036 219199 239554 259618 253098 220478 
241870 254378 241043 248062 249972 250428 229139 254015 272165 252574 258218 258994 247160 255645 201863 235149 239812 277760 228234 246767 249066 263612 233332 211226 267606 263802 247751 229630 270814 249847 222450 273848 234359 235963 238721 257776 259525 242548 248975 246933 246262 251053 265251 233063 236783 244823 237367 253468 244608 233567 240235 245346 232817 233936 253319 240086 246205 245098 229928 257688 245752 251942 219001 250303 248499 255146 231725 247718 233024 213223 257437 256549 270517 258040 251597 256766 265804 261509 258164 246822 262114 244349 259285 267491 241220 245139 272328 244044 254164 223604 277323 250302 251607 264119 230870 226072 252840 272818 255950 239389 
237057 250393 254308 245603 242906 239230 222831 250996 273374 246061 270351 262181 256275 248681 214462 240356 231188 269253 226658 248692 237521 271217 248925 222747 256274 258828 247184 221868 251240 228849 230843 248805 235412 244570 237669 241839 281506 257490 249452 256767 227808 239833 265103 247585 231811 257122 220917 238549 235632 186631 229650 242981 233156 227607 259483 235885 230557 220686 258453 250183 231140 231456 217032 236826 227879 262749 248038 247078 228199 208963 234843 250383 253350 262922 228156 259630 250688 266904 268069 249760 228945 258609 246169 254962 233688 245159 265919 249196 258607 222656 282295 261976 249766 264122 223779 241230 249021 275618 251059 251570 
207464 226614 214290 218209 198333 221558 193605 227189 225731 221914 231704 220116 214351 222214 181020 208350 204249 219199 204847 206472 200067 213602 207155 195725 224476 223880 206375 201829 213820 207146 190985 237852 211247 224957 212370 224443 226430 221502 221741 225439 206421 223221 226524 211989 200711 204319 196242 196639 220016 193504 194358 207433 219408 198263 232069 219979 194802 212089 207314 214084 217276 216232 183457 196757 194340 222768 206568 213385 205642 195573 228618 209756 227438 220140 197677 235558 220106 232300 240069 210147 212253 219631 222631 235171 216090 201053 234317 223299 230691 191053 225328 230120 207896 214680 194985 209892 212639 245042 216272 200758 
262564 249340 247359 260002 259508 259245 236568 234879 280392 251258 288392 267377 260192 252055 224495 238341 258591 280247 236320 248478 254403 266038 235908 232899 287234 272622 246742 229468 267371 253691 231545 282746 254856 240940 244952 239929 285312 260535 271360 276947 255652 257640 276052 245825 249824 254259 239625 250904 263747 234749 241473 252963 238373 249421 271225 251869 238986 250772 246734 274361 253419 258039 220696 239157 245646 266487 246501 256399 246966 230501 266436 257733 284039 269903 233340 271413 264340 277420 270742 256500 246586 261128 269124 286591 258031 264592 287295 260282 266977 236407 287032 260745 257295 259718 234326 251411 264366 284989 246622 251982 
227753 229947 240179 255341 233380 244958 211334 225643 251354 232876 268211 251479 241380 233295 195572 243488 228565 245637 236192 230373 227990 249402 220257 218944 271836 254272 236585 219160 231462 249775 216840 238660 238163 239697 229304 224800 243457 222284 245493 226691 227527 231122 246627 237722 234271 245412 219665 233287 225650 210481 205228 225322 236995 221689 252955 233416 225157 219313 229573 239429 243478 233624 217748 239474 220958 236769 229935 232285 210767 217077 254210 240341 259842 250044 232242 253470 244600 252777 265191 230534 228301 230539 244097 245504 234134 225975 268189 239640 245680 203243 261863 246271 226409 241697 215655 214148 227563 254556 253073 237009 
217699 263690 233540 250100 235306 245983 218843 245683 263277 233850 262883 250288 257521 248943 209070 233357 233860 256611 233284 238464 259534 260978 238327 230447 270468 238473 252220 227863 261647 241222 205213 271033 239650 241297 242482 260854 264897 251421 249394 262120 242895 254893 271433 254564 242501 258489 228504 237236 259667 234116 218044 234892 233100 235106 256499 241128 231894 236082 226084 264787 233679 239034 220964 255720 241399 258494 238370 256549 233429 225740 257685 248283 255230 270030 228042 252429 257368 280759 255945 237936 237509 240957 250646 265903 247795 232428 288805 243985 249833 229485 265994 241987 230744 252577 230329 226934 250310 271775 254569 231971 
211049 192066 209475 214702 200161 221642 183762 201749 223215 217677 229525 218069 216270 195783 188583 199907 214518 223475 194188 205861 205100 219286 193007 187341 237350 220625 193340 185558 202926 203648 178010 221379 197560 193260 198826 207835 221348 201153 213642 207782 203478 216430 217169 201168 193617 210471 187908 202921 193089 177399 194762 197133 204112 189202 225780 206821 207916 203403 193292 195510 193231 203643 186054 204788 200399 217623 198831 210289 192600 172528 218064 207210 224291 210427 192066 223035 216505 220405 226323 199970 196922 209699 201261 211734 206512 210636 221363 210683 215663 166896 227805 224507 199227 215467 199523 193751 199083 215205 217096 200067 
249622 244203 256316 269459 242128 238786 226148 260586 267814 254023 266968 270801 259499 265341 205394 262774 264624 269869 257686 243343 241351 253266 251453 229392 260419 270727 246947 228085 261680 253708 235858 276842 232524 259940 248285 249536 282022 254692 262980 259666 238054 255859 281974 263290 250406 247797 225952 237910 247856 231369 231560 236096 248091 252311 275494 249186 264421 247650 244848 255248 250514 258860 241382 251289 253412 257959 246440 252428 243756 222542 270230 239780 253649 265120 240693 261417 268218 280027 269982 254366 251597 258713 269393 253149 245411 249356 296180 260870 267714 234490 289106 244307 258605 252971 228448 239482 267781 266228 264102 268505 
282475 282587 291355 301150 285299 292788 258353 288113 309186 292702 300954 296065 310890 293524 247266 271959 275587 290074 264567 268996 285428 292625 269075 250974 308979 300220 284736 262408 292396 290217 249525 298517 273844 297487 305181 302631 318478 291489 302087 282831 292636 287665 304136 283901 285911 283814 254875 272409 301961 265362 260878 273502 294000 270237 293965 297876 270997 276281 274703 285567 295755 286606 256055 275105 263464 289562 278773 268762 275467 258243 299338 277262 311204 301451 267601 304074 283059 326220 302052 281556 278934 288718 289038 299459 288795 293101 325976 277045 307506 256242 331729 297261 273489 295268 262864 282075 293972 312338 305673 283671 
275706 263325 256077 283781 279976 290531 259752 262363 303467 289998 285522 275047 290697 272805 221742 271893 263798 271731 270254 270606 274441 290933 263128 242306 309674 308910 271360 258359 265244 269187 233591 286460 282058 275443 275324 268217 286225 280610 268601 268347 282387 276958 285663 278135 283880 272070 244817 262469 278126 251621 248879 268531 270152 278097 279235 285934 282425 271584 257346 261518 255416 300354 250752 287657 262115 293530 270626 264643 251976 251279 267872 300500 296857 285548 256737 300568 270310 324508 258891 267344 277313 277620 284725 292158 271654 266473 309135 281741 285495 237739 304995 302814 248243 268244 253388 257912 263505 291531 292836 277126 
245853 238716 246621 243459 235695 245162 212550 232046 257013 240971 258981 251050 241009 247811 204282 223567 226370 240530 216576 237216 236918 252625 221217 225193 259437 260337 238332 212797 245851 230351 228750 254924 229990 224967 235522 237464 257666 236863 266731 241109 237086 252068 273797 228556 234803 233136 235420 237917 234272 226104 238448 225869 233120 218023 258357 222812 230384 239867 226163 261533 235826 248754 217057 233280 241475 261648 228051 234537 224365 212595 239388 238349 258929 260727 236490 247826 251638 258116 250160 237547 236783 225693 249057 267864 236647 234306 265729 227202 272323 208313 270274 244108 249948 245729 231924 233180 245552 259077 255440 226819 
277681 260341 266937 282165 248092 281235 256233 267398 300297 287875 291517 297493 290547 274082 239510 267212 283357 279974 260303 258183 259088 279810 254092 251925 300147 301206 271604 244693 267481 287305 251859 295820 257393 277105 250759 280241 291267 263641 272011 257870 268965 261334 284828 267821 260101 278885 244836 260473 273879 255417 244654 254608 271372 259807 276841 284802 253653 262248 265383 275784 266706 280059 233506 259717 264717 281358 257268 265324 263554 248966 289590 276865 294439 286250 261729 276648 281634 287394 280812 272806 277085 271793 271174 291435 267064 270181 314403 275324 290430 231236 298566 269105 278811 286587 245980 260697 284818 287159 298201 270817 
235667 221171 232214 242514 259554 241740 219364 222019 240340 229081 268697 246097 230258 232855 218614 226973 236505 263035 234949 248773 231602 262577 225185 223155 270074 249901 247941 217988 253829 232460 224825 252877 245452 227218 243243 235340 269761 245464 257876 247356 243132 237876 262609 247564 231802 243456 212002 227343 242924 209537 231440 237426 233929 224377 243518 228868 231088 239856 226073 245485 230222 242351 219308 231868 220466 243972 232915 237854 224474 216777 250010 238611 263270 251885 231329 254942 249721 257988 263180 230265 226048 239375 249941 248393 248614 238481 253258 223431 251869 227253 261203 251577 245126 234072 235362 230834 244291 254021 257525 229994 
235963 260253 255569 275304 243271 233550 210782 258660 272163 252166 264211 261237 250901 243006 189576 257333 248667 255364 220594 235380 238645 251279 230005 221223 268662 272222 233644 232770 249576 245570 218152 261647 222313 251756 223462 241620 264324 239568 244854 250895 242289 242177 272876 246100 240537 254160 229185 242826 233250 221154 227121 231524 239707 240945 261409 259811 247067 233608 228309 248725 237579 245991 222365 242102 233717 251145 247421 257793 229346 214167 285325 243175 267370 263539 229648 253685 265354 239624 270551 247923 248706 244373 253479 254863 246114 239005 284800 235094 258141 221602 261135 241799 252702 259531 225918 217862 255648 270677 267230 256468 
234340 242813 227967 242635 208064 227418 205861 224030 257225 237638 265657 243761 237436 241388 201983 219365 226751 254005 234686 226878 242073 236304 229164 217178 254029 258939 221827 214544 232140 223254 200367 247014 227985 230509 226776 227385 254888 237251 242191 239405 234531 240208 257628 244745 242300 238109 205588 231267 241670 200060 220314 232083 226890 223339 259984 243268 226916 224657 224228 238006 220645 239798 216454 238705 228038 249373 231322 238026 224593 194672 244193 252988 239806 248057 222695 236329 232298 255659 250125 234981 229514 227462 236194 236812 237709 233892 266615 240167 254523 209213 263281 243192 238318 235350 201420 216929 239358 248984 256466 240416 
242379 235934 246854 244383 238342 237227 213007 231502 263225 237103 270785 258903 247216 235937 206771 234327 229788 244269 233714 238708 229884 244730 230928 233670 259600 272654 233236 225529 249545 227574 214287 257796 242010 246155 247374 230731 263886 245281 252990 260109 245285 255184 260894 258047 244096 240392 219755 230878 242783 210968 226229 234597 226404 231538 270553 240762 256106 239423 243615 238278 229181 249852 212876 249666 224785 245448 238796 252361 223450 227456 261116 247177 249631 254371 223275 241370 239018 268153 251453 245251 234793 257621 249812 264408 244112 240720 275061 246762 259127 214497 275399 244765 237835 244409 229509 226790 232187 260461 258553 242129 
