79 37 2 1 3 78 4 76 1 93 98 68 14 29 26 29 30 30 26 98 93 40 96 30 40 31 24 9 87 89 76 9 22 36 40 90 35 27 19 15 31 95 5 1 74 86 83 53 24 62 12 93 25 34 30 7 77 47 80 58 53 41 61 1 17 92 21 73 50 25 18 13 89 55 34 52 48 39 98 34 53 79 94 39 65 86 19 0 35 25 74 19 73 24 0 78 89 76 57 7 
4 68 0 23 12 93 47 15 44 63 7 25 48 4 47 95 28 71 61 21 69 57 85 42 62 7 69 69 45 73 56 20 6 80 87 16 75 74 45 86 57 58 26 98 49 46 14 22 23 61 95 70 7 16 28 41 97 25 24 58 91 73 31 40 60 50 10 18 27 41 24 3 39 56 23 13 38 52 41 20 77 25 13 30 54 50 17 37 9 38 9 13 47 18 88 34 57 57 85 7 
91 15 45 36 72 50 79 50 36 50 99 89 47 21 87 75 22 49 31 54 87 2 13 57 70 24 68 71 13 78 8 81 0 94 38 95 54 59 92 72 38 81 64 33 45 76 41 59 26 87 78 16 15 70 74 31 28 54 12 59 38 48 64 90 57 56 61 54 45 99 8 0 46 27 40 27 38 39 80 31 59 47 70 54 92 21 46 0 24 11 90 6 25 67 43 6 44 57 8 29 
94 79 89 38 36 87 99 49 54 56 22 50 20 90 47 65 83 59 99 41 7 50 76 24 33 95 26 55 42 27 5 38 8 38 81 78 61 98 45 45 42 2 72 6 82 86 85 85 39 57 55 25 64 32 69 28 40 21 73 11 81 48 38 0 84 8 42 64 9 14 14 32 78 13 47 97 93 22 25 54 69 74 44 39 56 99 40 72 14 92 61 72 29 75 69 38 46 50 50 27 
47 98 75 30 25 18 13 84 72 59 37 80 40 6 52 58 50 3 91 74 16 88 12 56 57 9 49 13 69 19 28 52 79 22 26 62 72 76 56 75 83 3 58 6 77 69 46 75 59 74 89 95 98 82 4 32 18 29 66 21 58 99 83 76 19 11 36 21 34 7 70 2 59 41 29 82 28 80 38 6 31 54 30 95 67 41 24 55 0 59 40 62 72 3 5 56 21 24 70 72 
12 60 73 45 12 33 80 90 96 47 28 83 21 98 82 5 56 25 11 71 30 68 91 71 96 37 33 3 45 73 90 77 2 10 60 75 57 56 85 87 78 8 92 26 30 3 73 59 52 27 19 6 80 2 67 54 70 36 19 80 92 79 62 40 19 29 74 13 19 61 6 61 61 29 62 42 29 43 67 95 4 98 51 77 63 56 20 21 25 29 67 2 5 73 13 35 8 81 13 71 
30 48 13 7 22 69 46 24 63 45 24 86 15 18 59 88 63 63 30 81 17 74 29 74 34 99 2 36 0 63 52 41 93 90 0 54 28 84 4 52 51 2 40 76 46 59 10 59 71 5 81 85 95 90 6 52 0 78 27 21 20 95 83 75 56 41 69 39 4 91 12 26 22 96 40 76 17 62 90 98 88 9 18 51 27 25 12 12 1 77 11 4 79 27 46 4 72 68 47 28 
1 33 94 30 75 14 82 40 35 54 62 68 53 79 87 33 8 88 48 81 77 40 78 38 82 37 65 54 69 12 62 62 57 19 23 71 87 56 23 18 1 96 75 50 83 64 65 57 23 82 95 77 39 23 52 42 60 0 80 63 46 63 42 16 1 47 21 75 38 67 88 99 38 7 59 12 30 91 65 81 79 71 15 34 4 63 57 42 62 16 79 60 80 52 47 4 55 15 25 84 
19 38 31 11 95 71 59 74 57 64 25 38 45 84 53 73 36 35 45 32 68 14 99 24 86 92 69 40 99 47 24 99 27 37 6 14 75 96 3 44 33 36 91 27 77 40 6 38 98 32 72 41 9 53 90 25 53 37 32 45 32 25 53 71 97 9 68 7 75 55 4 49 69 66 2 54 22 55 49 20 98 21 90 5 10 18 57 49 81 22 92 71 83 99 27 38 10 13 32 60 
83 79 84 70 82 62 29 57 85 42 41 37 54 50 51 92 18 87 49 69 5 92 74 13 0 45 16 90 50 49 20 43 38 32 89 7 63 73 78 13 93 72 24 55 19 75 72 9 6 38 64 13 69 5 28 97 58 61 67 73 8 33 47 65 44 35 5 80 77 29 88 2 67 45 21 95 23 69 35 66 5 75 52 93 94 60 11 89 53 17 80 49 20 90 61 38 58 39 42 61 
31 73 27 40 50 58 72 97 38 43 57 41 0 60 11 9 40 73 76 22 42 68 34 2 91 91 78 73 96 88 86 77 70 54 63 46 43 98 65 21 40 57 51 19 35 87 19 80 6 33 37 0 5 71 27 70 5 49 46 24 65 59 75 74 50 38 32 10 69 53 4 82 80 84 95 84 45 43 39 79 33 43 48 99 77 41 2 75 13 91 41 77 26 50 64 50 30 64 66 90 
45 67 41 46 18 71 39 91 23 13 83 98 69 51 24 95 19 54 88 95 48 89 11 57 35 60 53 26 79 21 97 15 43 49 12 31 51 10 90 34 84 72 7 17 69 50 12 67 14 82 59 92 77 91 32 88 67 46 94 37 40 39 58 49 58 34 1 78 23 42 60 7 1 60 91 32 29 43 94 32 39 26 76 46 45 58 13 69 26 62 19 13 94 28 75 95 79 55 40 79 
77 82 56 7 37 41 23 30 86 78 17 78 94 81 11 31 4 29 96 66 5 87 12 96 0 76 81 91 81 66 46 45 38 58 88 70 81 48 11 49 52 47 57 61 98 67 89 34 9 88 22 81 20 98 69 84 55 81 69 43 1 25 49 46 65 10 63 0 44 0 43 47 42 59 26 5 67 5 48 62 60 64 32 87 78 65 38 63 30 53 65 64 98 80 62 96 95 55 85 4 
63 18 59 1 49 93 68 41 38 38 41 80 98 96 28 28 76 55 15 1 6 84 31 34 53 5 82 68 72 88 26 60 98 45 43 74 40 78 23 34 7 42 41 0 3 36 84 48 1 25 44 92 99 36 89 36 42 6 51 22 11 18 90 82 64 57 68 20 20 53 67 21 57 18 31 58 94 13 35 94 2 65 54 78 4 23 97 92 60 83 31 33 72 95 14 87 2 90 16 73 
37 2 72 3 1 29 14 41 0 34 16 56 47 58 51 57 90 69 46 56 63 30 65 35 84 18 32 26 11 73 88 58 10 53 78 59 3 35 72 59 57 51 97 84 63 48 29 11 28 72 87 25 96 1 9 10 55 24 77 93 48 65 1 51 3 15 90 0 54 21 72 70 40 65 77 71 67 8 94 45 3 14 78 59 95 15 70 63 64 71 18 78 56 86 86 84 17 71 42 5 
2 34 61 23 97 47 20 12 66 5 4 14 3 18 38 26 88 17 6 18 64 54 49 10 40 85 22 37 28 17 40 27 52 86 5 18 89 85 26 73 60 67 29 96 91 53 51 61 89 46 20 19 50 49 39 25 28 37 43 81 87 62 50 54 68 45 47 42 80 43 59 84 7 87 91 85 71 98 1 70 9 70 0 61 55 77 49 55 3 14 24 37 19 25 6 74 1 44 19 1 
5 34 79 87 17 47 25 98 20 81 72 95 78 21 50 29 91 37 74 8 9 80 92 17 20 70 6 50 64 78 61 89 81 9 18 52 94 30 51 3 26 2 81 81 52 88 86 92 37 73 41 23 44 32 61 13 29 74 52 44 88 36 70 51 23 37 32 24 35 41 37 88 44 10 6 44 45 90 44 72 86 37 80 82 97 89 86 77 26 88 71 90 2 65 84 87 28 92 86 82 
92 18 31 97 11 32 28 67 26 76 73 13 33 66 46 63 51 4 43 40 64 80 27 57 18 77 28 16 96 32 66 44 4 24 33 57 30 72 27 40 57 52 39 77 83 4 99 86 76 20 88 60 71 90 16 53 79 80 78 12 2 25 33 28 39 20 59 49 18 79 80 21 22 93 87 78 83 37 63 73 32 9 61 11 14 43 30 85 45 7 87 97 27 45 76 91 91 56 37 41 
95 12 65 35 65 92 18 54 50 3 26 79 40 75 51 86 2 2 97 67 5 21 25 52 62 86 49 25 69 18 47 89 24 11 24 82 49 79 6 23 11 13 76 99 76 47 24 0 50 48 9 81 39 46 82 41 35 48 74 58 48 82 50 65 74 93 64 30 34 73 49 29 35 24 33 98 39 80 37 87 47 0 90 80 14 67 24 84 20 9 6 57 22 19 24 96 56 85 60 78 
65 58 89 2 94 70 85 8 22 62 23 1 93 94 96 84 23 63 5 49 27 63 92 23 43 61 94 63 18 95 18 71 50 78 20 52 71 33 16 33 72 6 32 83 91 42 51 53 82 78 56 95 40 78 22 61 24 36 37 34 54 72 77 49 80 6 81 17 87 37 43 80 62 87 98 57 17 33 8 46 66 13 61 67 52 32 11 13 65 1 39 93 62 47 5 60 44 10 64 15 
73 84 48 91 19 9 35 7 92 70 53 65 39 66 83 29 31 87 7 55 89 39 78 16 14 60 42 20 17 48 41 87 98 24 48 80 0 69 41 29 76 65 7 40 90 32 4 97 16 10 58 37 13 30 41 94 23 95 88 49 68 46 0 60 41 81 56 28 13 94 95 42 36 11 55 12 99 96 87 74 55 86 12 41 76 46 63 41 45 85 43 34 20 23 45 84 19 25 87 55 
93 72 60 55 77 7 11 52 33 40 76 18 6 5 81 57 75 24 66 87 71 37 7 68 22 24 96 53 24 6 16 16 0 84 46 92 83 37 29 6 89 43 99 39 26 42 77 39 29 60 53 53 37 4 48 47 46 23 21 92 55 52 57 37 15 9 80 65 41 94 20 20 50 42 33 98 22 42 76 15 51 44 72 42 89 84 94 35 55 91 4 37 20 33 53 12 46 19 70 74 
47 45 32 44 57 71 68 79 4 67 23 83 9 30 59 16 5 87 77 67 38 57 77 16 33 31 79 6 57 78 8 34 6 6 44 64 10 24 13 86 20 24 24 74 62 65 94 17 77 1 26 17 2 47 92 73 79 77 9 55 66 51 34 87 94 5 70 36 32 57 56 70 99 61 20 91 59 26 77 79 70 57 67 23 20 80 10 7 25 8 18 94 88 61 4 55 62 47 53 22 
35 88 38 44 5 43 20 75 75 47 20 84 55 99 30 30 79 40 13 39 69 43 78 1 25 57 22 83 3 47 69 48 93 31 45 37 9 73 26 34 7 98 19 36 77 83 37 86 0 36 95 37 55 10 93 50 2 85 9 34 48 34 94 48 63 58 15 26 60 71 12 79 10 35 87 61 24 42 50 7 55 71 34 29 36 49 67 90 70 56 99 62 70 79 69 24 36 71 66 50 
77 34 45 28 97 49 82 69 87 86 56 48 39 13 24 59 0 13 37 37 69 35 77 1 85 66 32 81 49 68 0 28 89 1 28 31 4 88 82 58 35 42 14 98 76 23 8 90 46 65 37 79 33 56 48 44 12 91 92 58 73 73 0 35 31 92 63 10 90 96 9 42 7 7 10 86 44 88 9 7 14 14 68 4 15 74 22 31 11 27 49 5 62 72 97 32 80 3 17 22 
7 14 41 26 88 63 67 5 12 60 69 15 50 10 63 39 62 9 1 94 55 93 12 32 0 47 77 99 52 11 54 98 28 9 32 65 66 65 37 22 7 51 43 3 7 87 52 81 12 46 31 17 84 85 79 60 92 41 99 72 70 3 74 33 21 41 20 5 36 18 4 76 79 34 3 82 80 53 37 94 89 91 10 99 49 44 20 41 66 91 11 35 67 76 5 94 41 2 60 72 
70 33 20 34 36 76 69 83 35 62 76 82 14 19 49 65 7 57 1 99 41 28 9 95 78 41 79 54 1 45 55 51 45 2 69 9 11 10 77 53 16 12 67 85 95 91 8 91 58 20 56 30 30 80 69 45 52 50 88 85 5 50 91 42 81 29 31 45 24 23 47 65 40 83 4 74 31 37 63 73 5 42 16 61 32 3 83 33 40 3 28 31 48 87 67 1 69 95 22 58 
90 3 11 39 95 93 13 30 79 12 42 23 60 78 76 61 40 46 96 91 71 81 92 4 46 98 35 72 42 27 23 32 45 30 54 87 44 44 89 69 18 33 85 12 12 92 70 98 2 20 30 71 44 35 70 23 12 10 27 46 7 61 76 54 51 81 74 68 96 79 20 7 53 79 48 62 21 28 89 80 25 65 90 12 68 33 19 38 78 84 23 40 45 82 62 49 26 23 84 68 
58 55 30 0 48 54 3 79 54 7 97 83 6 50 69 72 27 56 32 7 99 38 87 54 12 13 58 13 78 24 49 53 51 7 43 3 86 62 6 24 20 29 18 18 64 2 33 65 40 91 27 55 24 90 0 12 67 30 39 42 40 77 79 12 3 11 79 14 43 64 93 12 2 4 12 34 79 46 40 20 40 74 62 77 93 84 20 18 83 14 12 4 3 69 72 53 13 27 26 59 
89 51 85 45 89 90 35 51 21 32 88 56 30 18 88 7 64 23 92 99 67 60 19 34 80 48 34 72 21 24 36 75 45 43 48 41 45 18 80 25 80 10 99 11 55 46 56 11 28 7 77 72 71 8 67 42 43 95 27 48 44 45 61 29 62 85 67 41 41 68 33 12 40 19 4 11 66 62 52 62 59 96 49 1 89 11 91 34 55 13 26 50 70 18 54 31 9 88 7 73 
53 97 83 8 42 32 86 98 24 79 27 68 26 15 98 74 15 28 65 59 33 2 19 98 62 12 93 55 85 20 19 49 70 40 51 76 17 76 43 70 61 56 29 41 84 78 30 63 57 35 24 32 88 27 45 32 57 42 96 15 76 14 30 69 52 9 87 53 23 79 90 43 52 29 74 61 86 36 67 95 28 84 36 75 89 74 62 48 99 32 77 25 58 29 22 84 62 97 44 75 
1 62 55 55 10 14 6 43 35 90 48 16 16 72 69 6 24 98 73 57 39 87 50 5 68 85 90 35 77 7 39 50 57 7 50 96 58 36 73 12 96 46 25 24 80 74 91 86 44 44 62 93 37 22 25 45 62 67 77 82 77 83 55 53 51 24 3 76 57 34 19 56 88 31 65 4 56 43 98 11 53 86 66 10 90 97 48 35 91 82 45 1 84 54 39 34 3 85 22 57 
78 25 56 35 24 6 22 32 22 10 91 45 48 27 35 45 42 85 62 5 28 38 1 60 97 23 73 75 83 57 68 56 98 99 93 81 72 54 95 27 92 19 96 24 17 63 2 26 36 69 75 53 36 67 37 42 82 70 36 61 94 68 47 40 1 66 4 57 23 91 32 6 22 22 78 51 3 55 83 64 29 41 62 12 4 66 93 53 84 24 72 16 58 6 48 35 10 42 62 69 
61 25 97 98 77 88 66 67 75 22 75 93 16 78 97 53 76 90 25 83 22 55 61 67 88 24 44 79 93 85 44 55 96 61 7 89 64 24 18 52 24 12 24 63 66 26 19 54 55 24 70 77 21 46 43 76 55 33 57 37 55 73 52 24 53 98 20 79 92 54 60 86 35 70 28 47 54 52 0 21 33 46 82 98 44 58 62 73 87 41 89 21 44 90 92 87 59 61 17 98 
17 11 18 85 80 31 29 69 33 25 77 71 95 98 30 0 68 65 58 31 70 17 58 3 79 62 99 62 56 72 90 53 62 6 82 4 22 63 21 40 27 35 84 52 81 84 67 85 72 82 39 18 14 24 2 66 89 67 76 99 16 49 16 75 64 63 75 65 18 95 46 26 99 41 58 20 90 98 91 74 10 5 10 78 51 86 68 56 10 88 57 87 64 68 53 13 62 14 17 62 
79 46 30 77 22 55 31 94 43 66 88 15 75 75 73 54 38 24 23 63 17 26 77 50 20 35 43 39 41 8 31 24 74 68 80 30 43 94 40 72 88 44 52 68 73 43 69 95 91 53 49 4 26 52 32 84 23 84 72 8 21 68 35 50 30 74 84 77 15 89 79 80 60 42 1 17 12 5 31 54 49 13 9 11 62 22 90 53 6 47 50 30 33 63 16 46 64 35 14 26 
65 84 82 19 19 6 30 97 7 70 61 81 72 44 83 3 89 33 47 56 24 42 60 35 45 72 22 14 51 87 90 76 30 0 75 57 86 8 50 97 51 89 93 36 82 11 99 58 78 95 63 98 26 91 42 4 38 87 74 32 88 94 16 9 50 0 92 65 1 78 23 29 76 62 26 45 88 73 1 30 42 30 70 19 79 41 12 73 96 12 82 9 67 45 44 27 8 96 55 21 
95 78 92 85 84 62 91 6 93 55 81 36 68 70 60 31 48 65 37 98 78 28 31 96 31 95 74 55 29 77 62 35 61 95 49 49 90 44 54 84 87 3 83 40 17 26 26 78 17 34 3 87 17 94 33 44 53 89 22 32 40 74 4 88 78 82 2 88 48 40 42 83 86 63 96 93 21 86 26 11 61 76 9 67 52 83 1 40 92 37 21 92 81 99 37 0 51 82 7 92 
51 59 19 11 63 11 94 5 23 50 18 83 13 19 68 55 32 73 45 78 1 9 17 81 66 8 21 91 39 35 4 67 66 23 77 8 50 10 99 66 71 99 24 83 64 84 10 51 45 62 43 16 87 37 7 1 45 70 8 84 0 9 13 74 70 99 44 21 98 92 49 53 55 88 34 36 95 86 48 75 54 54 37 50 51 47 40 74 10 96 22 40 71 33 7 28 10 96 44 32 
20 45 29 98 72 17 2 73 9 34 78 71 91 31 69 86 85 93 39 8 98 43 51 92 90 66 68 31 43 72 37 27 51 58 76 89 93 67 14 25 39 66 41 62 6 23 45 23 32 27 83 65 81 46 11 37 45 92 33 33 0 58 43 27 52 73 9 26 27 29 89 59 69 16 99 97 76 69 39 36 0 23 30 91 42 53 91 14 19 92 87 11 86 2 86 23 38 37 59 36 
97 39 10 48 42 80 26 76 32 54 90 34 50 55 91 56 70 20 37 62 85 41 60 25 45 61 55 13 18 83 44 96 25 9 63 68 58 76 44 87 68 73 66 65 34 58 85 46 92 20 2 24 70 43 70 19 96 2 68 91 88 9 95 70 11 0 63 27 10 26 95 34 92 66 39 77 64 25 22 2 81 96 35 45 63 63 79 29 64 6 79 94 3 42 92 74 33 47 58 8 
14 74 33 44 49 54 77 57 38 15 21 83 80 44 46 9 40 92 33 38 52 95 70 58 11 3 31 79 0 99 60 97 10 58 64 31 95 31 48 26 83 44 54 71 42 1 53 36 36 18 63 19 65 7 63 91 14 7 56 43 38 83 17 44 56 16 39 93 57 8 16 45 45 92 73 64 91 82 98 46 44 26 45 0 18 89 68 5 5 30 63 40 75 3 73 74 79 43 94 15 
67 70 17 8 64 68 14 83 26 79 95 30 11 90 71 25 0 66 39 43 71 44 28 35 79 7 73 15 21 32 13 69 39 83 11 11 38 7 62 0 87 33 51 53 78 85 85 58 75 77 19 58 18 18 75 8 29 24 91 63 82 2 96 14 86 22 99 60 84 74 47 75 55 58 10 11 76 8 11 86 78 2 24 2 78 11 13 31 41 25 36 17 91 65 59 27 67 75 75 57 
17 59 86 20 86 17 79 72 94 25 21 47 54 2 61 31 8 80 64 91 40 62 17 14 96 65 34 9 44 7 32 12 34 84 43 34 8 15 32 76 7 55 39 31 86 80 80 73 56 75 33 65 94 28 4 26 4 7 65 42 89 97 99 67 98 65 99 34 87 38 76 95 20 51 37 83 35 20 20 55 25 10 9 14 6 98 39 97 80 54 52 98 83 97 34 3 91 9 48 28 
70 45 47 72 25 91 99 34 96 50 26 10 44 25 94 52 57 56 24 71 80 35 35 67 10 44 63 71 17 87 68 72 39 13 50 56 73 85 98 34 46 43 36 6 64 54 42 15 2 99 97 64 46 36 79 60 97 81 9 25 9 2 54 78 86 92 87 63 37 1 16 21 64 82 59 83 62 95 20 57 2 66 93 59 85 75 90 8 45 64 27 87 23 79 13 77 9 12 59 81 
16 1 86 52 71 95 31 49 37 7 11 52 92 77 79 81 87 96 62 92 61 62 7 86 2 8 71 87 45 17 2 65 99 79 29 35 95 23 60 15 46 43 81 29 81 97 89 54 73 37 33 52 62 85 4 50 15 5 35 78 77 90 49 77 65 55 72 70 71 85 47 95 73 82 13 0 53 33 22 38 82 68 29 75 36 28 2 11 57 16 61 6 22 63 62 43 51 7 30 37 
44 10 62 75 21 68 3 1 31 73 10 64 47 17 52 39 46 88 53 40 45 15 53 85 43 12 75 32 85 49 1 39 29 72 7 40 87 74 63 84 47 13 49 34 55 38 24 38 64 83 9 43 86 69 99 42 74 58 82 44 18 16 28 33 83 57 80 50 22 94 89 88 7 66 35 50 23 53 16 89 99 36 86 94 45 75 35 28 91 0 81 18 91 9 74 95 73 97 51 96 
39 59 57 74 20 51 96 21 86 73 12 28 71 84 0 38 46 55 45 44 75 14 99 32 3 87 81 85 36 34 15 12 37 90 95 22 9 69 61 23 73 75 80 43 71 41 32 59 68 99 65 50 18 88 27 28 46 6 8 87 52 54 36 28 9 69 11 64 32 94 88 35 36 26 4 10 0 33 28 72 80 19 43 86 83 23 59 55 66 83 95 68 40 56 77 81 70 75 30 52 
25 52 34 75 82 58 48 88 65 0 33 35 77 90 80 47 75 30 54 97 33 28 34 18 61 17 36 11 93 80 22 25 29 75 60 61 80 63 60 94 79 88 28 38 12 16 54 83 73 66 68 77 43 84 97 43 50 24 36 61 10 53 12 45 60 41 52 18 85 62 72 96 30 91 19 74 92 29 30 96 94 62 89 85 49 16 73 4 48 45 41 77 72 89 5 18 73 40 68 2 
46 70 28 14 49 17 20 75 50 54 53 75 34 34 73 47 27 22 28 48 6 88 39 41 60 12 51 13 65 8 94 45 34 32 25 56 36 80 1 8 78 82 17 60 24 2 40 96 76 25 19 45 45 46 58 70 41 7 56 82 75 23 84 10 78 50 37 81 37 42 72 43 55 25 68 47 40 39 42 96 89 77 79 81 28 18 19 56 8 89 35 92 12 11 57 67 65 58 25 38 
33 11 72 54 85 64 29 15 63 88 0 87 13 59 58 61 96 49 44 55 12 30 23 4 95 71 28 86 4 52 66 27 51 69 72 50 66 70 7 1 17 42 28 73 21 14 58 81 25 61 22 62 26 3 2 63 53 88 19 76 31 86 46 0 89 14 10 11 15 43 64 57 29 3 43 97 40 10 57 53 34 24 74 74 82 3 71 31 82 85 41 49 1 46 7 97 19 85 89 53 
11 79 67 59 4 21 62 40 27 12 21 9 16 86 50 96 35 90 10 24 25 30 78 84 67 76 72 77 22 3 77 63 84 35 8 99 54 52 31 50 90 15 97 36 38 1 36 93 30 20 47 48 95 76 10 67 64 82 76 22 18 95 42 63 62 94 23 56 93 2 64 79 32 3 12 7 41 75 82 44 38 74 62 57 47 45 81 84 57 34 41 62 34 5 84 11 58 5 64 32 
84 53 71 51 9 28 12 14 72 88 38 24 52 27 83 65 46 43 71 60 2 95 34 82 38 53 68 68 80 7 67 45 25 65 66 89 7 67 56 1 88 30 19 12 23 88 50 98 91 22 25 87 74 58 7 90 8 36 92 2 23 36 16 36 57 8 56 90 63 92 52 36 85 7 36 93 60 87 91 5 95 5 49 28 41 6 60 41 25 97 53 80 39 56 12 97 91 68 53 50 
44 69 92 2 98 34 7 87 62 55 79 57 9 0 88 85 32 87 41 48 80 24 11 40 42 28 1 39 84 4 29 73 68 60 16 37 4 72 39 50 18 45 4 76 90 23 47 60 95 45 82 12 3 82 99 88 66 35 48 64 63 25 92 95 15 88 80 67 90 56 80 6 8 11 71 36 38 71 0 90 37 17 63 47 34 82 71 37 35 29 2 54 33 78 14 23 54 5 20 69 
45 38 70 54 71 96 69 34 24 47 21 87 23 34 80 57 50 12 25 35 66 51 21 82 1 27 67 35 77 56 93 6 4 10 53 24 68 8 0 50 65 39 76 63 40 57 78 36 71 41 16 29 34 40 87 40 52 12 55 13 35 16 33 64 4 81 1 86 82 84 50 88 44 76 7 65 1 40 83 59 24 44 35 77 0 28 90 71 78 86 46 38 36 54 57 45 28 66 90 76 
26 19 53 99 58 97 13 79 10 33 5 57 42 45 72 33 56 44 76 41 42 12 76 65 78 32 34 74 29 62 25 40 31 5 95 93 43 90 61 27 58 48 34 47 68 13 82 58 45 75 0 68 17 99 13 16 15 44 46 27 3 39 76 53 22 94 39 64 74 83 53 66 65 55 48 65 83 59 85 48 36 5 70 21 50 29 22 53 95 10 59 0 17 87 80 30 47 71 1 25 
99 21 88 92 5 24 65 66 42 75 69 3 56 14 41 92 62 72 1 69 87 8 19 45 48 66 74 56 77 7 45 44 79 55 98 68 75 50 27 96 10 61 50 59 22 7 87 25 44 68 84 32 86 52 56 61 47 82 24 19 9 11 83 40 10 18 11 96 34 90 53 49 91 66 80 87 10 88 27 47 33 35 29 10 10 77 49 73 71 25 32 75 62 78 11 87 95 53 91 78 
59 95 46 42 60 49 43 96 83 51 97 12 5 43 70 43 0 84 26 89 51 59 97 51 13 36 5 79 51 80 66 23 57 45 60 75 38 11 19 66 97 54 50 86 75 67 98 38 54 32 63 73 92 22 50 45 97 41 25 93 93 99 65 7 54 49 62 72 16 34 92 77 33 84 84 94 99 28 72 41 32 77 52 5 42 72 89 23 39 42 47 65 18 55 10 9 34 42 0 41 
27 44 6 16 95 53 52 43 43 93 22 34 46 35 33 52 52 72 9 22 86 18 95 78 58 35 62 15 43 88 74 9 78 81 42 37 42 6 50 99 76 74 3 33 66 19 98 40 51 67 74 14 16 42 42 6 56 7 46 75 10 79 0 25 18 24 10 30 27 10 27 8 45 60 71 60 23 68 19 39 6 76 76 42 86 80 42 7 60 16 16 78 61 72 6 25 67 69 56 56 
26 33 13 40 68 49 18 42 67 51 16 78 58 67 43 52 22 62 69 94 27 85 30 52 44 78 73 61 20 52 18 47 37 0 54 49 5 92 96 34 42 63 93 72 90 16 31 26 0 12 73 63 53 82 38 25 31 77 95 41 81 26 42 71 51 98 8 43 57 42 61 5 82 28 39 23 59 48 68 17 55 16 92 34 10 88 98 28 49 6 81 60 60 17 99 95 82 11 57 84 
32 69 97 19 76 98 84 81 28 94 74 13 48 52 76 11 40 58 61 99 18 32 92 63 6 0 96 28 67 84 55 55 9 52 25 48 43 54 81 23 2 3 74 6 95 32 27 17 66 96 74 40 83 16 70 18 46 24 71 46 37 88 80 19 80 83 59 63 16 71 63 41 93 61 54 55 35 54 60 65 42 83 59 60 76 44 37 45 77 19 63 97 9 91 87 1 7 67 16 10 
30 53 44 47 52 6 67 62 68 20 71 51 72 10 63 2 24 38 67 84 6 60 72 61 94 54 84 73 60 15 81 31 35 65 90 77 40 50 34 25 15 21 44 59 61 81 34 84 8 9 82 94 79 32 70 94 93 68 91 94 83 55 64 79 75 98 12 14 88 83 5 49 24 46 71 92 25 76 20 20 67 62 21 21 16 98 21 47 61 49 12 14 61 24 47 70 87 40 6 99 
73 11 98 41 94 74 68 8 51 56 97 0 98 68 99 31 79 34 61 49 51 45 67 31 53 37 9 27 27 75 15 56 74 78 27 79 22 85 59 49 68 60 81 46 88 87 90 41 1 24 54 28 99 65 24 30 24 86 93 12 14 80 1 33 48 78 10 9 91 15 88 44 47 69 13 50 82 48 41 59 61 69 64 16 36 76 67 87 82 80 77 15 85 26 71 26 91 81 26 49 
78 33 47 45 65 77 3 78 48 66 56 76 72 44 56 81 15 42 96 58 74 98 68 69 71 82 17 54 38 2 87 85 79 66 44 84 6 90 92 97 13 25 79 69 61 37 92 94 47 24 28 91 21 4 10 78 61 7 79 23 2 2 5 37 53 2 36 52 93 92 89 6 58 65 46 39 22 13 65 96 33 73 57 49 18 2 75 10 67 25 13 23 98 84 60 35 44 62 93 59 
95 77 32 14 26 59 34 0 95 15 4 31 0 74 33 53 34 45 35 40 56 20 24 99 19 64 24 6 25 89 37 31 47 87 95 29 46 70 73 24 25 67 0 15 97 65 82 75 81 28 94 45 56 73 30 82 32 38 9 49 24 91 38 85 33 38 48 31 73 26 8 5 0 34 44 96 96 88 18 71 6 24 92 73 16 91 36 22 42 79 23 1 92 5 50 20 39 60 93 35 
20 16 99 50 43 63 30 29 64 43 31 21 1 52 29 8 12 42 59 89 64 2 70 98 74 58 71 26 27 27 1 58 90 55 23 90 91 74 77 4 85 20 67 20 0 40 9 70 7 91 33 8 51 4 90 83 34 10 87 77 97 26 71 57 76 55 70 42 51 36 40 47 8 45 49 90 72 0 65 47 58 61 8 55 99 91 88 2 31 14 29 66 94 86 37 22 30 21 50 10 
72 96 9 23 1 1 16 97 31 49 27 34 77 8 14 94 75 82 34 69 45 85 81 41 66 50 66 13 59 88 81 49 9 10 35 27 92 33 26 34 33 18 64 92 67 45 1 73 24 6 97 33 17 31 71 70 72 38 22 64 28 16 73 37 59 14 70 1 27 80 50 44 70 83 41 21 56 83 63 95 29 37 46 50 7 56 78 73 40 14 1 41 60 66 45 36 94 89 66 79 
53 78 76 25 9 1 16 57 29 58 14 17 47 30 80 44 2 61 33 21 80 55 67 82 36 85 33 27 89 58 39 38 32 23 72 59 94 99 23 40 94 3 13 47 9 13 30 75 79 5 77 43 33 16 49 93 60 57 57 46 97 94 5 58 52 40 90 15 6 57 53 41 50 13 4 81 88 30 98 6 73 77 71 83 22 30 37 50 91 87 48 17 77 8 77 87 63 80 99 17 
5 64 33 9 22 8 79 67 64 34 47 38 77 92 91 9 73 72 60 35 49 13 60 80 62 96 69 9 98 92 13 41 18 51 57 92 21 40 46 40 88 57 5 7 71 30 93 73 18 34 42 30 75 98 24 30 59 26 26 11 88 50 33 15 18 62 16 6 20 54 29 90 21 9 67 53 62 95 86 14 2 80 76 21 73 35 21 48 49 83 61 86 14 92 72 22 16 89 66 7 
47 89 32 55 66 12 95 84 46 24 88 90 73 23 16 98 62 46 13 70 20 58 16 62 23 50 92 63 65 65 95 18 21 14 11 32 64 65 48 47 80 44 40 79 18 54 52 86 91 10 81 16 67 59 69 35 45 82 74 94 92 69 27 1 18 55 3 0 30 45 86 23 40 79 95 14 70 5 2 48 67 71 53 94 26 35 58 73 36 78 11 23 31 26 14 86 39 75 26 29 
21 42 66 1 61 50 88 47 32 93 24 82 83 70 6 95 43 81 93 79 45 86 82 46 87 34 9 6 8 87 49 69 0 22 10 98 4 68 2 13 81 4 33 90 27 70 98 4 31 1 13 27 12 84 10 74 78 44 98 97 72 9 89 97 40 33 7 9 85 41 7 5 4 45 49 77 42 67 38 17 85 83 22 27 28 78 5 76 92 45 62 34 72 48 12 37 17 30 13 61 
11 73 50 36 26 93 87 51 28 18 51 58 34 88 24 24 14 36 90 8 92 75 21 26 4 8 68 5 18 81 49 85 46 29 63 32 15 42 97 24 11 38 8 63 53 23 22 1 81 16 37 42 47 13 56 86 19 86 51 65 68 66 97 82 47 37 93 45 10 95 94 44 4 7 32 59 20 9 86 80 30 12 2 6 36 19 45 28 29 8 11 4 2 10 79 24 58 79 70 81 
92 1 90 58 18 66 61 28 23 73 83 47 16 75 21 11 44 98 38 40 3 97 75 27 93 48 9 51 50 41 5 26 16 51 33 91 10 82 14 32 92 91 46 95 56 50 14 95 95 65 78 76 65 66 87 94 56 96 5 38 84 66 27 94 79 17 68 31 39 19 59 92 24 51 73 20 90 11 17 72 56 12 76 62 98 29 39 17 12 10 82 35 43 59 42 11 16 15 37 6 
47 2 16 80 98 50 29 54 45 28 46 51 0 79 78 28 75 21 75 28 93 31 20 24 36 86 79 94 72 74 49 80 2 49 49 19 63 31 10 97 78 1 69 92 74 15 91 68 27 47 87 10 34 71 62 58 63 9 42 46 30 97 48 16 66 43 74 91 42 47 81 88 64 17 67 6 67 16 23 87 7 30 79 5 12 24 58 61 11 52 91 57 83 68 75 20 52 25 91 90 
33 32 32 68 72 0 70 59 6 52 14 88 62 30 7 67 78 96 51 24 28 97 63 33 95 84 0 30 71 65 44 37 40 96 61 49 61 30 91 1 28 9 36 45 61 63 11 9 57 34 49 77 88 58 12 71 73 84 65 23 16 30 97 68 44 27 58 43 80 84 63 41 8 82 61 36 96 10 43 94 16 35 28 18 80 43 76 87 30 52 4 42 46 12 94 6 29 59 49 2 
5 33 92 67 99 80 61 74 50 10 8 76 28 69 64 84 95 50 5 13 21 85 91 5 71 0 64 65 22 70 56 45 63 77 8 58 57 85 36 43 32 99 20 21 4 22 62 47 38 13 37 72 39 90 25 62 27 9 81 39 92 15 5 98 10 77 86 80 81 63 22 63 5 10 16 22 69 90 60 47 12 24 87 38 87 87 42 2 43 19 71 13 78 99 15 51 60 87 17 83 
8 22 88 57 94 98 45 87 83 44 63 63 7 33 19 5 42 5 41 85 35 35 40 55 29 97 42 69 46 26 7 36 21 13 32 19 10 51 5 16 81 36 44 77 35 90 84 86 52 86 88 3 78 24 46 24 68 1 70 84 31 39 15 31 37 68 51 11 90 18 10 21 72 30 1 71 5 70 44 17 8 53 82 20 37 14 59 62 60 48 51 99 97 64 9 80 51 63 46 98 
62 74 23 41 7 35 72 2 45 78 14 49 43 67 19 39 35 30 1 63 73 16 5 19 84 72 45 42 32 19 43 84 9 23 88 97 11 34 23 25 74 13 86 24 92 74 95 61 53 91 75 12 86 32 80 89 93 92 59 71 56 66 8 40 40 66 68 33 47 27 20 2 37 67 72 68 4 93 7 62 26 41 33 9 16 65 24 83 12 47 35 1 38 51 32 8 90 62 5 9 
88 55 94 95 33 28 1 26 30 92 45 86 83 25 75 78 90 29 21 53 20 57 9 89 66 59 43 34 12 67 26 41 14 72 8 74 23 49 43 98 31 80 38 45 44 41 85 27 41 51 16 49 21 2 62 10 42 60 0 31 89 65 3 32 44 77 28 5 55 73 91 4 75 80 42 54 16 24 63 83 8 67 19 93 77 91 28 62 99 29 61 19 58 33 28 68 39 79 81 28 
0 40 53 15 69 93 18 3 0 31 21 95 40 62 79 43 6 63 52 91 20 23 49 18 14 78 5 59 66 0 27 21 91 51 50 56 29 29 52 10 51 84 59 31 25 95 37 25 48 46 99 35 86 77 88 51 10 37 91 98 34 39 26 94 47 33 20 75 12 46 2 3 54 30 53 79 90 38 35 71 72 37 15 80 28 67 30 48 54 0 88 32 58 9 70 33 12 46 49 0 
14 12 86 80 76 81 68 11 7 8 83 83 33 87 26 34 12 53 31 39 49 97 81 63 63 28 51 20 92 75 39 19 6 5 94 36 50 6 10 90 17 32 88 96 80 48 10 95 43 4 44 89 16 12 7 77 44 3 57 12 77 99 76 68 33 83 9 74 59 40 8 61 40 18 21 49 17 97 61 74 72 31 19 1 6 91 48 83 6 7 13 32 83 26 27 38 47 17 83 99 
48 43 3 92 32 83 88 87 39 73 18 74 19 27 73 85 56 76 6 5 29 66 37 10 19 93 72 74 39 20 99 87 85 72 53 3 91 21 60 90 99 8 37 80 18 94 91 47 29 39 59 91 96 15 18 44 48 99 78 72 77 83 7 14 61 78 96 66 92 43 41 74 40 66 94 68 34 14 87 36 14 42 41 41 36 66 41 67 28 68 59 84 2 10 22 96 25 37 55 8 
13 66 63 90 95 36 40 97 14 79 74 32 19 79 62 6 12 12 24 51 68 20 10 46 94 49 88 48 48 26 65 43 74 20 30 96 24 37 49 49 76 59 1 23 79 38 20 27 1 20 85 36 74 8 75 13 8 93 21 59 63 12 84 33 5 80 6 82 74 50 41 22 44 4 79 97 86 1 26 28 18 6 39 34 38 39 18 98 9 81 66 85 54 23 43 67 39 67 59 45 
17 46 14 69 19 74 51 77 26 46 4 89 16 95 33 88 12 86 12 61 96 94 29 22 68 87 94 49 86 11 86 48 50 61 21 30 73 39 95 28 0 44 98 42 27 58 17 19 71 48 51 54 14 27 91 98 5 89 5 70 62 22 49 29 61 95 94 65 89 85 86 47 75 64 64 70 18 75 2 11 79 21 40 45 83 52 24 12 58 76 24 44 91 88 77 90 93 73 49 18 
52 71 0 35 5 65 78 15 2 6 0 20 61 93 71 21 26 53 5 1 11 57 15 33 4 39 67 41 15 14 19 56 25 70 9 63 2 71 60 31 30 92 23 74 65 17 17 60 7 91 4 37 71 3 58 22 37 89 77 24 51 66 14 96 77 1 53 6 67 66 50 31 59 80 79 68 58 36 96 56 36 73 95 32 35 46 17 51 39 26 1 88 19 6 64 78 20 24 68 39 
96 31 1 78 88 99 12 99 37 26 14 58 22 83 80 94 58 78 37 7 26 80 61 48 58 73 47 94 1 47 94 79 68 73 47 58 26 20 94 71 21 56 53 65 56 18 33 43 85 56 76 4 61 65 19 94 66 99 89 20 12 23 99 74 96 92 41 73 84 95 65 24 19 21 19 3 64 52 85 26 88 95 12 4 9 73 94 48 32 45 1 87 18 15 51 12 7 89 52 80 
51 84 33 30 98 13 27 74 82 72 40 0 58 7 35 24 13 66 42 3 99 34 6 49 27 63 19 48 58 19 26 23 23 64 35 68 15 53 8 43 19 39 29 25 79 97 55 0 54 62 82 55 72 14 78 40 82 88 33 44 96 38 97 66 99 50 73 20 18 87 12 90 58 31 54 25 29 0 58 23 87 48 4 72 42 66 40 85 72 53 95 94 90 59 11 57 92 6 85 4 
46 94 2 47 57 67 78 67 69 76 18 35 77 29 23 21 94 29 96 95 25 2 99 31 36 25 66 99 17 41 69 73 59 75 90 2 13 12 65 53 58 86 22 98 28 84 59 76 3 39 2 32 72 56 11 91 49 8 5 49 31 6 63 51 15 96 40 62 32 9 44 17 42 77 73 29 83 37 28 11 66 56 58 14 25 78 57 13 5 73 92 47 33 33 29 65 87 52 60 52 
26 78 77 0 57 33 89 64 95 24 11 7 75 41 84 42 33 48 35 39 6 14 67 57 28 31 1 13 78 32 78 52 15 87 89 14 32 58 73 23 87 30 90 76 73 45 48 8 20 19 68 79 5 54 90 95 96 87 10 61 78 82 35 62 26 13 76 39 87 93 41 82 28 78 78 5 65 48 99 20 81 90 15 50 85 74 37 60 56 97 16 46 71 84 89 2 91 11 95 54 
29 97 57 36 25 40 88 48 46 95 67 74 89 41 38 36 16 56 96 10 69 41 51 40 30 78 45 76 87 13 36 16 90 67 69 34 23 65 30 31 33 53 69 85 55 61 24 24 58 71 39 83 70 72 39 18 51 95 28 43 30 68 56 81 64 54 9 76 14 12 81 79 69 23 2 54 32 48 61 72 0 20 22 76 0 89 76 62 21 99 40 48 43 63 12 5 28 74 90 82 
57 89 86 24 87 95 76 37 47 53 41 74 18 65 49 0 74 73 18 86 53 14 3 23 87 66 23 20 25 71 70 96 88 77 84 33 11 59 53 78 65 61 48 95 43 32 5 93 85 43 25 75 82 92 83 20 1 58 8 57 13 82 62 41 52 39 82 76 20 99 43 1 30 10 3 67 35 73 92 73 92 67 85 85 33 46 34 74 30 62 21 50 80 42 59 34 33 47 22 95 
86 89 40 89 89 47 88 94 8 34 59 81 4 57 22 8 57 20 55 14 25 14 45 73 3 75 99 7 54 86 39 31 38 71 83 75 63 28 24 48 0 25 7 77 97 70 57 71 27 12 61 81 79 63 32 31 50 42 44 48 16 19 73 64 96 44 64 15 83 26 60 40 75 82 18 73 22 9 76 39 43 92 18 73 60 63 29 4 44 90 64 61 23 18 92 78 36 37 54 49 
86 52 42 83 86 67 22 37 8 18 64 81 92 15 41 74 7 57 18 39 2 99 49 73 90 3 32 24 24 41 75 37 15 66 20 25 76 78 66 20 86 90 74 99 86 38 90 54 0 22 14 54 95 42 2 66 1 39 61 60 87 72 66 59 23 41 72 86 83 98 10 63 65 60 57 33 31 76 13 35 97 52 30 35 88 22 42 34 53 33 43 76 71 78 11 14 34 56 44 22 
28 80 33 90 92 76 92 65 16 5 34 63 91 86 40 7 0 35 7 34 14 38 46 1 16 0 14 55 15 39 14 56 29 99 61 81 24 63 65 69 64 97 65 32 21 72 25 30 44 5 12 2 59 52 34 67 52 73 24 90 38 63 60 17 94 27 37 68 89 60 87 66 13 85 31 91 61 71 93 99 88 85 25 29 5 85 3 9 32 62 7 11 53 75 89 5 50 33 85 34 
58 79 37 40 63 32 38 43 31 90 53 16 91 90 62 97 8 25 50 33 35 57 12 61 77 39 9 88 54 75 45 21 39 48 29 83 71 27 43 46 88 78 79 83 2 29 87 0 67 71 1 45 94 48 72 10 77 59 28 34 18 80 73 15 86 40 74 19 49 52 19 38 64 29 76 5 28 73 13 59 18 31 86 22 4 15 97 40 19 20 50 86 9 29 74 65 56 2 80 11 
36 89 20 16 34 17 53 26 2 18 70 42 42 29 59 80 79 0 85 56 79 85 15 22 55 72 34 98 16 31 23 25 61 78 84 96 75 62 77 90 43 92 35 8 91 65 50 3 91 77 46 86 42 27 59 88 6 12 54 36 72 30 12 63 39 85 93 46 10 58 19 80 32 52 68 35 92 84 14 42 41 10 74 37 32 65 86 1 35 21 23 45 36 51 17 62 83 44 85 85 
32 47 81 82 4 45 14 53 78 42 6 22 49 93 11 43 48 95 28 48 9 96 71 18 97 22 79 65 92 10 74 23 44 80 66 82 53 51 63 43 24 73 84 3 58 84 15 54 95 25 90 19 81 60 84 63 51 52 2 18 23 72 30 86 23 90 6 73 96 7 57 45 79 23 99 49 41 98 93 7 52 8 34 72 34 69 24 12 65 24 59 67 92 77 64 55 17 16 64 83 
75 48 82 46 66 51 39 92 89 48 69 94 8 43 62 73 34 36 73 81 84 66 80 97 34 33 76 30 17 46 10 75 90 70 48 92 46 90 88 68 87 73 79 91 54 38 68 52 77 4 93 69 55 91 39 96 50 13 42 66 88 12 71 51 28 30 6 9 59 55 98 48 42 41 11 61 27 14 18 77 48 45 66 37 39 14 98 20 55 47 26 1 1 91 44 81 2 79 60 14 
48 38 85 41 19 17 69 22 3 70 6 90 55 23 83 57 31 99 27 64 62 30 72 97 69 70 23 6 20 97 93 75 98 7 65 95 42 23 37 8 29 82 94 97 65 35 88 93 72 59 89 58 38 83 72 31 11 82 69 2 5 92 11 84 68 11 18 90 22 13 15 76 29 39 41 80 99 1 73 61 74 77 47 68 8 24 2 71 56 70 42 48 77 1 93 13 59 45 25 9 
64 67 87 69 36 39 39 49 40 3 46 60 56 85 99 31 55 96 19 69 35 90 67 30 13 87 39 89 42 9 32 78 27 28 86 49 18 65 79 25 57 23 31 80 46 95 40 87 84 39 29 96 94 42 66 66 13 43 66 97 66 56 49 83 32 32 58 66 23 66 87 27 14 64 32 95 46 28 30 44 27 22 89 13 10 39 64 77 32 56 0 69 87 77 86 89 86 11 32 54 
