1 16 18 81 94 30 5 66 29 83 61 49 71 40 36 96 9 4 50 59 19 42 90 61 32 12 21 24 90 58 57 35 15 90 24 81 41 82 87 40 46 5 61 83 93 81 88 45 87 37 11 4 13 9 96 13 37 78 60 24 0 28 91 17 95 13 30 24 56 11 64 19 87 49 86 66 28 2 51 12 15 18 66 79 75 98 95 52 79 2 45 56 63 69 80 62 17 19 50 42 
63 70 69 89 80 15 93 54 5 78 40 33 38 72 1 86 25 8 81 91 10 24 15 97 51 94 15 85 63 91 73 7 77 5 55 91 98 83 4 3 71 21 22 67 40 3 35 63 6 31 59 98 53 29 41 56 26 73 36 17 22 50 15 58 71 58 20 85 53 42 40 76 35 0 83 23 48 53 84 51 87 92 58 25 9 12 93 78 5 77 34 83 57 2 93 5 5 1 46 51 
28 95 22 71 29 78 50 1 62 52 96 61 91 42 81 80 14 81 10 14 3 63 51 87 37 94 53 94 2 96 63 21 52 54 0 54 40 47 39 49 55 3 18 75 34 25 15 22 51 88 92 83 82 57 6 25 41 50 13 74 70 37 53 14 24 44 96 98 13 31 46 39 43 19 69 43 90 82 34 29 36 30 7 72 70 78 3 40 19 43 15 97 46 11 75 3 17 68 24 43 
87 43 15 26 45 27 22 55 53 47 57 35 2 82 55 42 80 71 62 69 31 20 9 18 54 3 9 48 82 38 34 64 87 62 74 87 94 99 26 29 79 19 52 25 81 65 0 89 52 43 51 65 42 41 70 31 45 88 79 61 4 83 8 79 32 25 67 86 89 83 89 30 45 87 3 71 16 74 75 9 49 98 55 97 60 46 73 62 56 38 97 6 83 38 60 66 63 98 50 71 
43 40 23 85 87 5 10 96 56 21 42 6 91 32 40 28 32 84 32 44 86 53 51 2 86 51 69 82 79 44 68 78 40 77 1 64 96 20 57 50 93 26 98 15 56 6 87 37 11 51 50 45 56 30 49 55 89 83 47 83 37 84 39 62 3 42 97 65 56 41 40 59 89 22 4 13 46 71 28 19 60 17 71 69 78 24 47 87 82 72 6 92 17 72 4 1 32 0 53 65 
9 6 39 44 51 52 18 44 85 43 76 63 16 68 31 23 87 20 49 11 18 1 86 7 90 51 52 21 69 54 71 4 16 46 18 9 89 72 70 88 58 99 93 73 87 99 2 52 75 97 43 90 32 63 99 94 17 61 85 71 23 24 25 62 68 22 21 9 24 15 14 29 36 10 57 73 24 18 56 69 95 63 98 10 30 32 17 22 49 7 57 18 17 39 49 86 43 88 9 58 
15 92 76 54 52 8 63 43 51 42 29 91 19 18 64 5 92 59 80 27 31 84 99 52 12 74 13 29 9 27 56 50 31 59 79 21 94 22 50 78 1 2 22 5 14 63 42 68 39 36 97 21 94 84 98 79 11 13 52 48 63 51 56 38 11 52 11 20 5 39 12 32 78 7 1 2 33 53 17 7 67 8 34 79 31 59 52 28 56 89 66 65 53 65 15 90 72 16 92 84 
90 11 88 7 29 7 67 73 24 76 51 54 11 90 64 50 90 58 8 79 95 8 87 40 22 4 23 61 69 74 73 44 8 50 34 60 7 68 85 47 21 81 94 57 80 78 24 18 74 56 98 64 21 93 79 7 67 96 50 65 99 31 44 70 76 29 90 2 7 2 85 92 55 11 41 19 25 49 12 71 80 26 2 39 98 5 6 0 79 98 54 60 34 66 20 68 2 15 8 63 
98 91 65 44 76 34 4 29 35 22 98 1 27 99 12 43 97 58 64 21 71 28 2 31 81 35 18 79 85 73 92 93 20 5 19 39 25 18 42 63 77 25 13 0 28 67 8 1 31 3 81 12 46 1 46 46 29 10 20 15 13 26 26 61 56 52 9 20 69 24 69 17 88 71 56 31 14 86 82 62 20 8 85 81 65 90 54 61 1 40 39 60 99 94 10 23 31 86 62 0 
97 7 40 39 16 43 57 27 46 41 10 23 22 50 68 10 16 65 10 84 98 16 23 30 15 57 64 23 40 77 2 27 56 84 99 96 12 9 47 28 71 7 49 71 76 84 91 82 38 57 46 42 27 43 85 80 88 24 16 57 56 32 20 17 19 34 34 46 36 78 18 70 31 61 37 45 52 79 40 16 0 91 42 52 69 35 67 35 35 98 83 4 90 44 42 26 45 61 85 27 
94 36 34 97 87 33 99 36 67 9 9 33 57 89 30 46 43 22 83 55 0 11 59 1 95 12 55 45 55 1 73 68 55 54 87 88 61 21 72 89 12 68 16 29 58 66 54 48 83 8 39 72 81 24 26 4 30 48 15 68 25 51 68 16 6 5 1 25 65 17 74 4 15 24 19 96 74 63 11 30 86 75 45 54 69 24 42 21 64 76 43 57 22 66 23 73 69 15 36 94 
34 35 43 65 82 87 68 1 34 54 75 19 66 53 7 68 10 27 53 80 69 65 89 81 3 34 7 93 72 15 80 83 61 93 30 43 91 83 85 13 26 38 75 64 39 81 99 24 45 78 18 60 28 62 6 76 83 36 2 13 88 85 89 18 62 98 66 96 58 47 85 37 57 43 84 29 96 76 92 64 33 48 8 98 30 92 46 49 35 11 42 97 97 82 52 26 12 19 37 34 
12 28 20 46 63 58 60 70 2 69 90 33 95 37 85 46 70 89 58 42 54 63 41 57 14 41 55 38 7 87 6 22 17 49 6 19 69 34 77 91 65 0 97 82 6 10 52 80 53 71 88 1 61 93 65 57 68 75 16 23 4 62 53 75 16 82 55 71 23 83 22 20 96 54 45 97 3 53 97 92 90 94 54 43 32 56 24 52 58 74 21 17 15 33 42 67 21 39 83 85 
64 77 98 68 15 93 38 0 73 21 60 62 30 96 66 19 70 44 84 47 25 76 88 96 43 78 17 84 90 17 2 82 57 21 27 36 51 95 8 17 1 91 57 57 69 27 38 19 0 70 52 2 84 60 63 67 49 44 6 72 16 51 56 18 54 43 44 8 40 80 55 41 59 73 92 30 70 46 81 2 37 13 24 61 56 87 32 48 84 36 85 93 70 26 57 89 34 1 65 56 
57 43 75 75 42 2 81 53 73 26 2 95 54 9 40 24 73 92 6 53 89 52 46 28 62 0 13 23 65 81 26 39 83 96 33 50 71 74 93 86 60 82 47 63 82 94 92 74 2 91 97 35 64 55 29 80 76 80 1 19 40 30 7 35 77 91 55 5 57 82 6 8 52 42 23 74 10 97 20 85 87 45 53 50 64 1 59 7 5 83 27 83 75 93 40 10 4 97 6 82 
1 81 21 85 44 79 70 99 81 5 80 79 82 89 49 25 69 75 6 83 13 3 97 17 77 4 5 13 0 21 11 23 30 84 51 35 38 12 92 48 32 39 76 69 76 75 64 90 52 20 60 1 39 15 17 66 11 97 98 16 44 19 96 44 25 1 22 63 78 1 29 95 23 9 29 18 36 31 3 75 73 12 87 13 32 35 25 41 32 32 64 42 25 60 87 63 62 38 48 61 
13 54 85 21 37 58 41 12 36 94 11 17 83 88 45 19 11 27 23 92 17 64 29 5 98 87 39 99 36 27 87 72 3 24 96 78 15 19 97 85 20 51 24 88 95 75 96 38 5 0 81 37 38 41 70 31 68 56 43 75 35 62 17 30 11 38 63 18 20 58 66 30 45 94 50 28 73 65 62 48 81 38 34 97 54 7 12 73 74 36 21 52 40 65 61 49 77 8 52 33 
77 66 94 55 39 32 62 84 40 79 6 7 16 3 46 64 50 71 62 67 33 5 92 58 19 87 27 70 47 51 64 78 65 95 15 24 37 16 58 2 80 32 76 96 94 41 85 66 65 32 43 69 32 22 76 29 32 41 70 81 7 98 32 86 53 30 75 21 16 75 79 68 62 64 4 51 38 3 15 99 67 86 93 54 4 20 93 96 61 98 96 94 53 93 50 89 69 9 72 13 
91 51 90 35 86 15 2 55 13 22 0 66 78 21 67 19 17 81 27 36 17 94 24 4 18 89 52 23 64 75 17 25 87 98 93 26 67 50 98 86 22 73 36 36 12 26 32 48 82 64 26 90 62 25 26 29 77 85 64 59 46 57 38 97 35 11 54 71 18 28 36 66 14 44 83 17 37 45 78 41 52 38 74 68 88 84 51 71 15 25 48 7 49 17 43 61 76 67 36 64 
74 6 76 44 40 67 37 53 50 52 36 54 18 49 52 54 41 54 69 19 88 30 31 77 62 42 60 29 54 53 39 7 92 99 26 52 93 55 90 56 3 53 90 63 81 59 38 98 22 84 93 17 59 67 37 18 32 85 29 36 56 33 22 70 88 87 10 42 76 95 67 9 3 75 40 27 80 40 45 22 62 48 91 60 33 12 26 82 65 89 6 40 74 52 51 89 69 74 37 85 
30 55 58 66 50 47 66 31 96 70 54 52 42 52 44 97 89 57 86 89 21 26 31 79 14 29 17 78 63 61 25 42 3 80 21 49 38 87 64 7 52 47 71 14 9 92 14 97 12 35 9 30 85 0 92 82 45 0 16 80 28 79 16 25 18 25 42 83 44 45 83 43 9 75 42 5 25 62 15 14 62 25 79 67 37 72 25 96 22 73 4 78 5 84 92 98 72 26 79 31 
75 97 81 47 3 36 5 24 82 84 5 57 74 52 20 62 40 33 19 91 31 73 74 25 65 29 27 45 36 96 14 59 25 50 3 46 45 92 38 13 29 74 30 53 20 15 84 84 87 35 4 49 36 99 80 41 33 93 67 38 87 26 37 33 82 0 42 53 52 19 44 74 34 74 48 52 17 30 55 0 25 27 33 15 10 64 47 85 60 84 18 68 13 16 63 62 55 11 72 68 
47 63 95 52 28 26 1 52 53 53 17 52 27 16 7 13 29 90 27 87 20 6 91 80 37 50 76 50 12 72 19 47 63 90 62 27 96 61 80 42 91 89 87 82 88 38 72 91 80 47 9 41 9 56 86 70 59 85 60 45 44 66 21 26 8 7 15 83 81 44 89 30 68 85 47 71 97 58 26 49 56 47 11 52 84 62 51 22 20 93 27 59 68 5 32 1 25 99 57 35 
52 62 52 8 96 33 43 67 30 71 16 70 56 48 19 56 25 42 46 40 4 52 25 43 87 29 59 15 70 29 52 77 64 35 37 55 58 38 89 22 22 61 70 95 21 20 47 93 99 46 19 79 62 24 66 18 34 43 85 69 36 73 4 31 2 76 64 8 14 47 99 92 97 81 63 84 66 43 49 75 3 85 30 84 91 12 30 76 60 6 16 15 27 83 10 94 2 91 37 84 
61 88 48 36 72 6 61 81 80 43 36 13 52 63 87 83 62 68 93 41 46 79 67 57 82 92 0 98 63 18 4 88 43 34 79 16 87 8 67 86 59 90 55 92 55 81 82 28 84 17 31 77 92 13 38 22 54 75 39 42 70 53 65 83 71 32 70 62 6 87 9 50 6 99 88 64 80 34 91 19 9 98 21 51 25 56 45 88 98 20 88 68 2 23 5 12 66 78 28 74 
15 40 59 11 65 31 46 21 14 43 71 11 60 64 33 32 26 84 20 17 11 92 9 14 60 12 18 6 59 44 25 94 29 22 5 59 54 57 73 87 37 94 24 50 37 5 45 61 70 34 76 98 1 70 95 93 3 4 86 54 83 83 69 61 14 18 88 7 98 93 45 25 23 65 40 26 13 99 91 11 22 5 75 31 43 6 7 17 80 8 71 24 17 22 64 18 31 6 58 50 
96 99 70 0 29 64 89 24 36 61 45 97 69 58 62 43 26 37 36 37 99 63 83 44 11 2 46 46 31 28 20 10 22 16 24 48 78 93 57 11 57 24 9 66 24 11 97 44 41 38 69 43 23 1 16 90 86 42 19 29 18 88 59 53 20 27 48 9 75 14 10 9 41 59 85 37 23 18 57 96 57 1 0 53 72 15 80 93 12 70 84 87 62 13 73 4 15 61 44 55 
59 55 34 92 20 18 8 31 93 87 32 84 81 59 48 32 96 95 98 39 25 62 43 75 49 62 48 7 67 56 17 34 16 66 92 53 5 2 78 40 18 92 32 44 62 59 69 40 92 60 77 98 4 7 93 55 59 58 46 90 43 34 8 57 94 29 36 40 12 82 95 92 7 67 43 0 55 57 47 77 91 19 43 59 38 32 35 89 61 46 17 73 56 23 47 77 2 55 25 89 
98 14 55 50 24 40 7 59 25 89 2 46 75 46 31 33 54 13 31 42 50 4 55 87 53 29 39 50 32 13 9 16 95 62 22 84 92 69 43 54 76 36 50 21 84 44 61 18 85 7 79 50 11 36 6 25 27 42 85 96 39 2 15 64 74 3 60 28 24 72 87 97 83 89 43 8 19 42 5 28 43 45 42 52 52 40 33 95 41 90 16 78 68 82 88 59 48 92 97 59 
60 28 90 60 66 53 29 20 68 63 47 36 7 35 11 90 72 78 44 25 36 15 95 26 51 9 18 79 36 26 25 85 91 46 90 31 19 38 88 5 10 27 88 62 70 2 48 42 96 37 63 31 56 71 56 6 46 0 50 56 67 51 72 86 69 97 2 50 72 42 68 82 49 82 10 50 95 76 80 57 35 70 34 80 88 25 62 55 72 98 72 80 5 21 63 45 39 41 90 80 
33 33 82 73 47 37 46 96 19 4 63 19 62 20 13 30 92 18 5 45 31 11 61 54 61 40 20 83 33 74 71 34 51 62 40 68 54 27 76 47 53 7 21 16 73 27 4 19 38 73 81 19 24 40 35 69 83 15 69 88 74 49 39 16 45 53 52 28 46 52 65 40 86 55 42 71 51 59 63 76 99 22 50 59 2 12 67 38 61 38 96 20 11 81 75 46 12 14 60 17 
24 5 23 95 9 23 50 13 40 45 27 80 26 9 36 75 77 19 10 93 56 77 91 7 48 47 39 64 88 61 42 2 43 41 80 56 23 72 97 38 42 44 82 69 73 91 99 24 87 14 35 18 43 12 72 49 47 17 12 29 84 55 1 21 84 40 11 83 4 68 35 14 46 72 61 61 72 35 59 26 90 8 89 52 64 0 25 13 95 93 48 58 49 36 12 80 19 51 75 23 
63 25 84 45 35 46 17 29 28 18 9 73 34 45 10 85 3 77 69 4 2 3 24 83 74 22 81 56 43 9 82 77 25 35 29 35 78 73 48 33 17 66 99 24 28 26 77 95 89 89 52 98 1 33 33 24 92 75 43 29 9 82 87 1 53 1 16 95 42 89 4 89 26 45 18 49 3 18 58 11 54 30 58 71 19 69 46 53 43 70 2 47 60 98 98 67 16 3 94 38 
77 27 47 93 48 3 87 10 49 77 96 52 37 35 67 6 69 59 82 98 6 92 94 98 97 50 67 3 93 1 48 12 63 78 91 0 50 30 20 48 43 59 25 88 54 21 27 53 26 5 51 70 33 36 51 69 44 53 34 89 1 32 20 5 33 98 31 47 5 64 71 2 55 81 20 42 95 78 50 98 51 45 68 2 21 14 9 85 48 56 83 24 32 78 92 37 79 36 11 62 
28 85 54 50 81 18 9 89 53 81 16 66 99 10 37 46 38 42 32 78 17 98 18 93 53 34 39 67 84 34 91 89 76 83 51 38 37 75 37 94 99 43 65 85 15 89 74 42 59 89 84 44 80 47 87 72 36 69 4 24 89 67 47 28 77 64 77 83 98 87 26 5 43 58 78 82 35 69 15 13 33 94 62 50 25 3 26 53 31 1 33 72 89 32 71 62 66 75 76 6 
96 46 53 25 1 33 93 59 82 30 40 73 51 45 96 38 27 91 16 79 55 25 97 47 73 27 67 65 23 45 28 28 56 44 6 76 34 84 51 50 40 16 49 84 78 11 80 46 23 98 19 84 7 46 4 85 53 7 59 59 66 77 77 76 22 98 58 68 74 40 61 64 19 96 86 99 86 99 72 19 73 36 84 54 20 83 94 61 64 57 51 89 16 87 31 12 1 19 95 94 
24 8 25 9 13 37 15 22 18 65 2 37 55 86 40 26 73 96 71 21 66 55 31 86 44 3 2 70 86 83 23 70 69 4 17 29 46 32 48 76 95 10 92 20 48 83 29 92 48 61 71 75 8 11 68 36 20 98 94 84 96 91 92 32 24 61 72 7 95 67 46 7 76 45 0 51 14 95 81 31 70 95 99 76 34 25 12 41 92 55 83 59 40 6 40 99 22 50 25 29 
31 60 15 9 61 58 49 55 6 47 71 73 70 29 89 76 39 95 32 90 81 71 73 2 85 20 46 13 62 91 78 49 47 91 17 35 96 54 26 60 39 30 54 68 88 4 74 98 48 79 77 95 15 16 5 27 24 54 46 68 21 48 30 24 27 94 90 21 91 8 53 62 46 28 8 89 70 6 54 3 5 65 45 52 29 13 77 48 1 86 51 13 83 30 49 18 46 75 92 55 
70 80 49 25 22 18 52 92 69 33 62 20 13 99 50 77 68 55 63 82 91 63 63 12 71 24 63 26 37 26 93 48 98 38 34 21 84 74 94 53 80 29 60 15 0 59 23 73 79 52 61 17 54 18 25 20 82 27 72 18 87 5 83 29 11 63 24 53 7 99 86 3 37 12 46 88 19 49 40 29 55 54 73 77 80 53 33 11 55 50 4 96 45 98 29 14 52 78 35 66 
88 86 64 60 48 48 83 49 78 67 64 53 27 28 65 22 42 27 63 43 71 81 87 33 46 84 51 71 41 56 52 36 51 29 80 90 98 49 30 68 40 75 37 9 0 47 35 15 11 29 44 97 13 84 49 41 87 72 85 56 4 76 53 47 75 79 2 86 75 1 81 95 66 60 18 45 22 33 14 57 77 41 14 5 10 4 15 99 52 97 11 45 39 30 51 15 97 84 47 56 
78 6 63 8 99 75 83 28 76 86 98 52 88 77 66 87 29 64 11 25 16 23 29 65 54 58 94 63 44 53 45 95 44 7 32 60 80 62 20 48 90 12 46 4 53 41 8 14 79 64 94 69 48 42 55 97 98 41 27 48 69 89 45 53 16 61 12 38 69 64 69 79 1 1 24 57 0 67 93 79 8 49 53 88 35 43 85 9 22 6 24 66 47 25 44 64 51 35 59 0 
53 78 19 14 49 20 55 22 84 53 59 94 39 42 78 42 94 41 31 57 91 25 31 45 43 51 52 17 73 41 61 72 72 38 4 68 18 14 32 84 18 55 28 23 69 11 23 27 28 45 22 13 41 83 86 21 49 25 99 20 81 3 38 87 63 31 45 11 63 69 45 27 1 23 66 18 69 69 75 74 34 93 0 72 15 39 99 29 44 63 27 68 51 90 10 77 50 45 79 25 
80 55 19 39 62 7 27 51 84 7 49 85 64 19 26 47 30 1 41 78 0 39 30 43 32 49 29 78 12 25 52 87 42 16 74 12 48 15 10 77 97 61 35 30 29 51 41 38 77 53 84 77 46 95 83 43 80 36 80 65 90 82 34 57 93 43 66 41 36 13 63 77 69 44 80 54 29 43 3 33 89 24 0 72 2 98 74 25 22 24 9 80 79 84 71 15 20 4 16 24 
22 3 53 79 68 83 0 65 90 81 50 4 38 21 56 11 44 9 43 29 63 24 33 1 0 64 61 25 79 11 74 95 29 76 26 67 65 46 11 78 93 77 73 11 71 97 22 16 70 51 77 15 47 97 1 13 65 13 50 74 8 57 94 59 69 53 77 13 77 81 57 79 45 37 39 33 40 83 34 9 43 44 18 94 93 13 92 68 5 87 68 3 45 77 90 88 12 17 54 72 
23 17 54 54 7 31 38 35 74 51 90 47 41 32 82 3 25 22 49 53 81 67 26 68 38 19 48 61 51 76 81 53 68 57 78 92 2 86 37 37 9 57 55 94 36 24 3 27 76 15 86 62 8 31 48 17 76 7 47 92 5 70 70 88 79 50 73 21 40 63 20 43 20 98 93 46 94 23 34 4 54 33 46 21 27 86 78 82 91 14 3 95 48 0 78 25 37 90 84 4 
57 81 55 12 56 17 36 75 32 26 39 94 38 91 68 31 33 97 8 78 82 20 59 59 80 25 47 0 90 83 17 75 79 52 90 58 40 3 13 48 65 23 70 11 17 17 98 24 83 26 42 15 61 51 97 72 22 69 66 68 29 13 13 36 87 20 57 75 5 18 50 42 90 4 56 17 86 52 7 40 20 28 4 79 81 81 92 93 90 17 8 71 54 74 13 60 23 90 68 16 
55 8 9 1 70 49 43 1 14 10 67 18 49 23 98 51 98 57 88 88 87 48 59 39 38 40 87 23 19 25 87 53 1 29 80 73 19 68 29 99 76 58 18 3 94 24 13 26 48 8 61 51 42 34 57 85 61 63 9 37 95 86 91 41 63 47 25 74 77 67 88 71 25 65 28 76 6 70 83 58 66 72 51 87 38 80 20 12 10 5 46 49 30 95 74 94 3 40 30 91 
41 10 50 61 17 53 70 19 26 66 25 49 36 67 99 68 20 13 18 74 14 40 33 13 28 34 13 6 18 63 89 82 35 59 90 32 51 17 74 20 85 38 44 88 11 89 43 2 55 93 34 77 41 88 8 51 82 83 65 62 87 21 21 5 2 36 31 70 0 65 45 1 40 48 50 87 19 45 20 32 32 41 31 18 34 11 34 52 76 12 4 30 88 89 14 57 11 92 83 45 
75 18 80 56 2 48 13 42 63 51 35 75 99 68 59 77 41 19 47 11 17 55 20 2 45 59 20 5 57 4 33 14 65 7 45 82 8 20 11 37 51 39 90 48 63 86 17 86 87 99 75 62 6 44 52 53 55 36 59 51 57 15 53 20 29 72 37 75 54 74 42 71 69 82 87 4 85 0 49 1 72 84 50 3 30 33 87 12 22 62 15 1 50 57 63 29 36 70 21 75 
55 13 17 69 39 67 24 2 52 4 83 25 31 12 0 72 38 8 27 63 89 31 4 64 37 27 67 55 62 64 24 50 88 70 96 7 93 58 3 1 9 64 63 88 45 10 89 75 65 48 59 74 8 15 74 84 6 83 17 67 54 66 73 11 52 40 91 81 4 64 55 32 87 32 17 68 33 7 41 56 40 62 83 33 73 93 41 45 36 11 13 57 4 97 62 3 4 43 26 39 
83 71 75 28 47 59 86 97 56 49 85 97 15 21 83 48 49 57 18 63 32 91 71 1 78 56 18 7 91 32 9 80 52 46 29 93 4 57 60 29 14 23 11 45 33 85 91 82 43 79 83 93 21 34 24 59 9 23 65 72 50 49 64 30 68 98 44 31 31 62 80 3 50 97 44 55 59 50 87 16 37 76 81 28 88 40 18 14 80 18 59 57 76 68 95 59 69 81 80 54 
60 47 35 42 44 16 41 80 84 69 3 18 83 39 89 60 76 77 51 35 73 10 56 17 22 93 26 32 63 62 65 73 42 3 27 27 22 71 20 16 57 57 52 76 46 76 17 21 50 70 1 10 84 78 44 79 32 83 25 60 66 86 23 38 90 90 78 22 77 94 7 23 13 90 92 62 62 36 39 79 34 74 98 15 46 47 11 40 37 30 45 81 64 39 46 99 39 25 90 79 
16 34 53 32 85 41 36 39 6 46 30 69 7 5 48 10 67 84 9 68 98 86 88 77 60 60 90 13 50 91 81 1 48 14 9 48 56 41 77 52 95 46 93 33 77 7 81 42 94 1 22 67 26 32 71 25 20 90 12 71 38 92 18 14 28 70 29 8 71 55 21 70 56 57 70 45 38 53 36 48 16 58 71 8 30 11 95 85 25 55 98 35 44 1 48 28 78 14 60 86 
30 1 62 10 86 69 64 54 7 43 4 81 64 92 34 69 37 23 38 69 26 22 1 3 0 49 73 40 2 75 54 26 92 65 2 47 93 29 43 8 31 39 23 46 75 82 29 28 68 37 2 77 15 3 42 8 93 60 4 2 38 20 23 10 6 26 67 8 20 50 11 26 8 31 84 6 92 88 2 2 35 76 62 28 62 59 71 22 4 22 5 49 67 66 15 56 11 25 92 4 
55 34 0 97 30 70 55 40 0 15 35 11 37 28 50 95 73 25 6 53 68 52 20 71 79 4 10 18 36 97 64 0 95 20 78 50 78 37 24 47 58 10 38 74 66 9 9 38 60 13 30 8 46 25 77 46 2 74 52 18 69 2 85 84 40 60 77 75 60 38 91 48 32 1 57 53 8 32 65 33 16 84 22 73 89 82 52 35 40 56 17 16 21 69 6 60 65 55 62 40 
3 44 41 15 95 93 67 74 32 32 61 48 0 40 32 26 6 21 38 90 67 79 18 78 28 49 27 19 87 80 95 47 95 84 40 76 29 1 11 2 37 46 21 66 18 32 39 88 96 4 41 42 38 82 61 34 47 22 96 75 29 56 5 98 82 84 37 6 86 89 31 73 45 1 85 93 79 17 87 51 80 87 50 53 43 49 19 90 98 64 13 90 24 13 21 39 30 99 97 7 
98 93 66 90 32 85 9 87 1 69 88 38 42 21 74 93 47 41 1 48 84 48 23 17 8 65 69 76 31 41 66 97 31 34 56 95 3 18 66 25 44 3 18 47 49 86 63 27 89 65 77 21 6 69 56 92 28 32 43 57 2 55 37 13 96 39 5 66 50 45 6 70 40 80 85 76 98 54 91 35 50 37 53 52 83 55 89 74 68 48 65 36 18 80 59 15 11 49 17 48 
56 41 66 76 59 39 97 94 72 62 40 85 17 90 64 91 96 63 18 73 90 23 29 64 40 80 23 46 64 14 97 25 30 74 67 77 84 32 94 73 84 4 80 32 19 63 45 56 81 40 84 19 59 17 22 64 60 84 4 40 25 1 75 85 67 41 39 67 37 51 49 21 65 43 61 86 23 8 98 36 97 99 77 29 54 92 0 97 53 47 96 11 27 47 56 52 60 69 0 51 
11 73 32 49 72 28 49 37 6 90 58 87 96 10 75 7 53 66 50 27 56 85 70 32 89 42 37 81 52 42 48 28 9 49 48 39 89 9 59 2 52 16 89 73 52 43 96 41 12 94 58 18 96 46 50 59 60 49 52 73 48 77 65 49 7 7 98 9 19 61 87 13 16 74 55 90 30 93 50 74 96 45 43 5 58 67 40 36 3 44 63 92 8 49 45 81 55 56 16 12 
91 89 13 57 30 96 88 5 21 49 88 71 9 65 89 98 14 19 28 26 52 48 68 74 51 30 2 81 11 15 4 72 92 24 33 76 68 91 16 23 2 98 82 13 94 49 80 3 31 63 50 47 15 92 29 91 17 85 63 58 39 48 28 84 99 94 55 60 39 14 67 84 48 84 47 33 35 62 97 65 97 58 58 1 9 20 72 50 7 41 4 73 12 32 86 77 47 19 75 90 
98 30 37 32 49 84 21 58 94 90 22 99 93 56 52 77 58 20 59 32 77 54 17 77 41 86 41 20 93 52 33 66 39 49 83 79 93 0 19 27 68 56 0 59 55 69 48 19 25 93 81 17 75 40 78 36 16 42 57 79 21 68 54 40 94 97 31 8 22 63 41 67 0 64 80 31 10 42 47 86 83 83 30 57 3 12 75 72 26 76 62 62 70 76 44 51 40 70 6 41 
1 98 68 27 36 99 36 73 79 78 27 32 7 12 30 40 92 9 80 27 77 45 16 47 36 42 24 56 93 82 97 32 56 59 94 43 96 20 13 79 2 41 53 87 86 14 69 21 60 0 17 62 41 80 47 77 8 28 35 4 40 23 90 6 67 29 68 3 77 31 88 14 77 92 38 76 12 36 35 98 84 80 55 56 2 58 79 35 30 26 27 56 46 93 11 26 6 84 18 11 
83 85 36 45 31 18 40 7 52 2 16 65 63 5 80 79 14 70 36 74 37 86 70 99 14 6 43 26 0 29 53 30 89 41 28 74 42 35 73 39 46 45 64 23 21 63 25 17 44 16 10 82 22 90 51 4 25 52 5 4 37 63 99 73 12 39 6 43 83 88 60 90 11 48 31 43 76 67 43 76 62 40 21 50 37 45 65 94 94 3 83 69 94 14 65 41 11 64 9 29 
49 16 77 26 35 0 2 31 29 24 32 17 45 67 58 40 53 88 66 14 82 1 60 93 71 7 76 19 19 79 5 76 25 51 47 32 81 71 23 29 79 6 42 19 12 32 75 50 2 18 17 28 89 8 84 88 27 89 3 82 39 24 98 68 22 58 76 52 86 75 48 19 80 78 35 17 91 47 89 49 73 59 66 20 22 95 71 2 43 8 1 21 52 51 24 92 73 23 19 78 
93 8 19 47 40 98 25 62 48 5 21 5 46 0 73 94 62 75 1 18 26 37 76 83 14 57 51 2 37 69 80 57 23 68 86 65 96 21 75 59 89 73 86 94 24 87 86 5 96 6 18 57 5 11 79 33 16 85 43 92 95 5 79 22 32 9 59 67 72 96 93 69 30 99 99 60 0 35 65 30 57 30 2 43 67 26 14 23 63 20 68 55 87 41 16 26 87 23 52 39 
51 1 75 69 60 44 78 14 57 45 18 33 76 95 97 4 25 7 97 61 94 60 22 91 8 44 43 43 61 80 72 47 6 7 29 26 74 43 34 9 40 19 5 30 2 60 80 68 79 40 96 34 94 15 69 67 79 14 61 29 69 98 95 53 68 15 79 90 78 12 15 29 13 84 67 21 82 65 57 2 56 40 59 92 86 73 6 57 11 8 84 66 64 4 96 94 58 20 97 67 
77 43 32 66 31 96 26 97 9 26 70 76 73 48 50 97 3 65 59 99 5 13 41 52 9 39 49 37 88 10 75 15 61 9 63 12 10 8 55 0 83 40 25 96 1 70 17 34 13 3 22 6 20 46 49 72 5 86 93 28 93 5 49 11 86 25 51 94 19 31 75 92 75 46 28 71 41 69 56 7 63 7 21 58 73 13 34 99 31 73 32 41 65 18 7 18 20 20 4 13 
86 5 56 86 66 28 49 44 12 73 43 39 73 45 82 38 72 88 42 22 36 76 39 25 58 88 18 90 65 33 31 38 98 67 16 85 75 83 26 1 95 71 75 44 69 62 28 68 44 70 99 88 44 12 80 28 41 51 0 61 72 80 70 38 64 80 58 11 67 18 25 92 57 10 26 48 52 82 14 70 13 20 15 27 54 44 24 6 17 72 18 89 27 89 94 92 84 0 97 70 
74 53 84 6 27 70 54 4 97 3 62 5 24 61 13 25 71 49 7 14 39 42 93 51 58 37 7 43 81 16 67 92 7 16 34 99 89 24 33 16 18 7 95 69 13 41 69 16 42 77 94 78 54 81 19 10 3 39 82 38 3 75 15 86 82 20 75 35 18 71 21 4 39 17 97 94 40 41 71 93 20 62 15 28 64 70 46 49 67 59 17 30 91 53 73 91 88 48 71 78 
11 7 20 79 89 2 20 83 87 0 23 99 0 44 4 97 97 20 1 3 5 6 18 71 37 86 53 58 93 33 54 59 59 89 20 70 71 9 48 10 65 86 13 64 15 45 55 53 6 99 32 29 38 31 47 53 64 43 15 94 32 86 84 51 7 36 24 62 99 62 33 81 4 63 77 38 9 63 66 35 31 44 98 4 33 98 42 35 81 47 71 93 86 91 57 94 95 60 84 52 
54 65 87 77 60 20 35 90 97 9 28 53 39 78 77 53 92 52 98 51 23 91 49 65 74 84 2 32 82 38 32 67 99 67 94 46 79 12 19 44 35 72 4 17 19 25 60 95 31 44 78 63 47 53 21 78 57 42 9 45 52 36 20 46 31 59 67 71 98 52 13 8 57 83 84 8 86 69 23 28 35 6 48 76 37 16 80 86 3 20 71 48 50 89 48 84 25 13 84 42 
80 14 81 46 96 54 95 14 77 87 54 78 32 82 67 30 32 81 32 60 51 18 45 94 76 18 28 30 27 78 91 17 6 4 40 37 35 42 25 19 20 86 25 83 89 93 31 0 96 54 98 23 85 81 21 7 85 81 24 52 93 13 62 21 55 86 84 86 56 14 30 82 34 35 61 4 15 6 32 0 15 62 51 24 94 0 89 79 26 25 16 70 84 58 43 22 93 18 95 81 
55 82 66 96 63 28 28 56 25 66 62 44 2 61 9 59 42 75 67 6 70 26 33 60 72 98 72 84 40 58 63 30 97 2 53 62 40 91 15 73 44 60 13 85 92 72 10 80 1 19 77 20 46 57 17 13 64 24 27 78 13 54 2 93 58 79 43 41 89 8 55 9 68 56 74 11 78 6 36 90 45 91 38 20 42 49 61 10 13 12 11 45 84 48 35 85 53 56 89 8 
93 94 66 6 0 66 35 82 43 7 89 51 97 59 33 47 65 98 74 88 42 11 63 61 80 82 5 75 2 61 73 34 89 57 14 85 52 15 81 57 61 43 84 69 47 4 12 9 51 61 46 28 84 52 53 38 22 55 2 16 39 95 12 94 41 33 13 65 46 2 69 2 28 79 53 77 95 17 26 50 26 53 83 73 78 75 20 28 17 64 65 81 30 73 23 37 68 54 29 77 
71 75 49 51 37 42 76 59 50 2 55 17 35 54 8 50 37 32 96 15 2 96 82 65 87 55 84 11 14 81 40 40 62 59 75 9 64 85 17 50 92 7 47 96 21 5 56 2 81 20 17 22 32 71 25 47 95 10 77 68 48 34 8 59 60 89 93 47 80 23 52 8 8 25 46 73 46 73 17 98 5 14 15 74 24 69 46 94 13 21 12 64 30 27 12 63 80 45 57 47 
78 68 9 43 63 95 64 37 30 22 90 54 78 67 59 99 18 31 45 27 6 80 35 90 39 6 12 25 76 56 46 51 9 56 0 84 92 66 14 84 18 8 27 10 75 78 75 65 41 24 42 82 50 96 57 75 84 42 48 16 12 89 7 13 82 24 13 47 72 64 70 10 46 88 28 25 45 55 28 3 82 49 70 55 56 48 18 83 60 36 12 19 57 92 54 83 29 63 92 67 
87 95 73 46 5 73 9 77 11 54 82 55 52 29 75 57 81 32 25 18 24 83 44 37 23 62 66 85 73 98 26 2 96 11 32 97 79 72 34 96 74 72 30 59 84 84 90 54 84 21 88 48 87 39 0 63 93 33 19 45 94 79 53 26 32 38 85 35 42 24 83 67 2 20 34 60 5 62 28 96 70 65 78 48 50 88 52 9 92 92 89 93 98 52 95 32 98 18 6 36 
23 93 52 62 42 54 84 6 32 76 51 24 15 94 68 64 9 43 53 3 87 28 20 27 42 25 54 72 10 67 65 12 13 39 54 4 46 7 75 81 37 93 37 62 2 48 24 74 11 47 5 32 51 19 84 17 17 32 84 46 22 83 32 79 90 19 79 39 8 58 26 4 51 49 12 53 55 46 87 95 65 32 25 97 64 12 57 0 28 71 51 41 28 72 42 88 90 12 40 61 
61 95 31 0 62 4 54 31 7 84 89 15 2 31 18 91 81 71 76 83 78 66 41 99 96 21 30 60 6 66 94 55 16 86 9 62 84 79 18 10 30 70 98 89 79 35 62 56 94 1 79 48 89 71 17 46 3 27 62 87 90 86 47 57 18 12 16 51 82 94 80 31 3 25 47 46 7 96 91 20 9 89 3 41 77 32 63 99 65 65 5 65 49 71 25 59 58 96 35 70 
87 91 27 50 79 44 2 47 23 99 19 69 67 63 85 79 80 60 75 22 73 55 23 89 16 85 63 0 98 7 20 86 81 12 33 43 54 39 93 90 23 83 8 37 19 32 23 50 59 60 33 2 91 62 80 97 78 85 16 45 10 24 91 70 4 24 17 73 95 63 82 11 90 88 5 50 54 47 55 78 36 63 97 81 93 28 4 55 52 22 22 43 72 7 94 67 57 92 83 26 
10 47 67 52 65 79 2 78 39 8 44 91 55 61 79 17 20 43 91 72 73 76 0 95 33 24 78 21 60 70 16 68 16 3 75 52 15 50 11 53 44 56 21 84 16 78 71 91 63 39 2 92 2 55 14 24 88 92 27 48 28 49 82 92 37 52 29 90 97 24 56 57 17 10 20 58 9 63 17 35 80 59 95 94 59 28 52 73 2 2 85 32 29 38 30 38 36 93 27 47 
58 82 45 93 43 38 68 17 21 95 5 1 71 59 95 96 19 94 42 1 50 27 65 60 61 83 28 1 50 38 56 75 35 6 2 12 50 81 61 33 86 78 44 60 81 39 95 16 15 78 68 57 78 45 45 25 6 51 57 67 26 75 76 93 23 99 31 91 73 93 59 82 73 17 20 41 22 12 49 43 70 67 26 77 74 54 71 87 72 42 11 34 49 73 39 63 43 98 56 58 
53 77 90 75 65 3 75 21 85 1 47 5 33 77 29 13 67 26 81 78 28 49 72 59 46 79 37 75 3 29 45 93 5 42 10 97 74 96 91 29 35 38 43 62 75 16 71 41 29 7 53 30 29 27 30 18 50 14 54 62 70 54 19 63 54 10 79 32 6 49 6 20 39 40 23 13 25 57 29 20 99 63 25 14 56 92 67 2 69 81 78 56 1 57 12 89 96 48 85 68 
83 73 38 97 78 62 6 28 2 67 96 31 98 65 7 4 49 21 37 29 18 60 94 61 79 16 73 80 2 36 52 33 57 44 53 83 3 40 75 77 84 6 46 75 49 30 34 42 67 21 86 65 86 43 84 17 9 41 71 26 16 63 1 51 1 31 34 91 7 54 84 1 4 63 5 69 85 89 78 9 31 56 69 63 36 99 65 99 54 4 52 7 60 32 18 89 15 33 13 85 
22 65 12 80 88 57 11 24 77 82 75 20 16 90 58 99 5 75 54 20 99 67 82 25 23 55 89 80 18 42 70 81 91 40 75 93 84 32 86 63 6 94 61 29 59 48 41 33 36 31 97 32 24 92 40 30 8 57 32 64 90 78 1 83 59 64 53 26 31 29 69 97 92 87 68 90 48 45 90 76 82 4 8 51 28 31 54 64 20 73 65 45 68 26 50 46 49 60 26 97 
26 83 43 63 62 7 32 96 34 30 57 97 35 77 97 32 72 34 67 85 10 51 2 2 80 93 13 15 58 68 70 99 57 58 46 9 53 70 49 43 53 42 78 17 26 10 10 37 3 79 41 69 64 52 93 49 10 20 30 86 53 36 66 24 35 42 29 43 72 43 19 95 38 17 69 38 64 40 90 92 61 37 51 86 46 43 85 68 65 38 29 7 79 93 20 67 60 92 24 56 
4 34 71 56 41 87 30 20 60 17 81 62 12 9 21 51 93 8 90 80 45 43 50 50 87 10 73 66 25 87 15 26 4 31 67 93 5 77 78 13 39 4 87 15 42 89 59 3 81 40 20 73 39 91 18 34 2 3 70 19 50 36 98 51 37 67 36 83 35 74 75 43 60 6 52 55 63 36 85 99 29 42 87 74 63 67 67 37 24 69 81 67 70 10 21 16 75 85 71 70 
87 58 2 68 60 73 12 57 44 63 40 19 62 66 99 45 84 82 22 85 24 47 12 86 54 41 13 93 29 73 98 70 11 42 88 22 14 68 75 99 45 88 74 59 11 72 32 20 99 44 52 95 15 89 33 56 53 53 52 69 19 0 75 31 82 61 44 97 75 0 9 27 17 82 92 2 85 65 94 32 59 22 76 66 20 24 82 56 16 39 31 58 6 41 93 72 30 15 29 7 
99 83 50 58 33 81 79 21 96 96 25 21 9 79 61 56 32 59 62 8 79 46 27 90 22 88 39 55 8 33 21 46 85 51 34 11 24 50 1 5 31 61 29 95 80 7 25 3 86 14 4 98 65 18 98 46 11 42 39 34 63 70 43 36 38 12 29 12 47 12 8 64 18 1 47 65 97 58 35 37 59 86 10 51 62 28 18 66 19 81 44 42 32 42 2 11 37 17 0 19 
13 23 98 26 63 31 13 12 8 81 3 4 35 18 47 94 44 11 9 38 37 64 74 78 6 62 88 96 71 98 45 93 27 96 53 77 71 52 64 57 52 20 60 36 69 94 11 61 8 95 77 37 59 92 81 44 2 36 72 34 99 63 30 70 17 74 67 51 29 34 1 82 89 41 20 23 94 14 34 50 13 5 77 60 25 11 17 46 63 67 42 23 90 1 17 50 66 29 54 6 
58 99 91 15 77 82 10 3 13 87 44 67 37 24 77 24 13 48 30 93 54 16 34 45 52 43 68 73 50 26 41 48 25 10 33 82 21 98 11 70 7 36 69 50 16 32 96 62 4 71 36 97 31 9 32 69 68 33 10 46 35 91 4 73 68 44 93 45 92 81 77 2 95 26 38 44 47 37 36 65 28 97 84 74 5 65 73 87 62 59 38 51 10 83 35 99 99 20 34 41 
48 48 53 68 38 99 9 28 14 44 80 8 49 17 52 8 49 96 35 39 64 22 10 98 90 15 10 93 39 70 51 2 37 74 63 83 36 13 7 20 60 16 60 18 43 36 21 18 54 79 55 89 11 65 17 39 13 1 17 42 16 39 42 72 32 68 48 89 64 36 57 38 17 46 56 76 21 68 68 66 41 85 77 52 18 45 83 32 39 80 96 87 29 46 66 23 65 96 26 44 
70 42 13 39 11 85 1 18 39 43 3 78 17 79 66 29 34 29 64 0 21 20 35 24 87 91 51 70 55 20 38 93 79 25 33 47 87 85 5 64 26 97 36 82 51 51 68 76 54 97 80 34 3 50 39 1 73 18 53 95 47 0 5 68 87 85 71 94 52 54 97 22 86 48 41 16 31 59 9 69 44 37 87 35 52 61 58 49 44 52 65 16 44 18 94 21 97 68 45 75 
0 65 22 19 94 58 92 15 4 18 68 0 13 54 69 67 56 74 61 57 96 24 9 54 39 56 56 87 22 64 10 27 19 49 2 69 35 99 96 86 42 73 36 52 8 59 47 2 1 31 33 66 0 15 42 36 47 90 25 60 46 44 13 23 50 2 82 38 32 21 57 38 6 95 55 26 85 45 35 11 57 46 72 2 68 79 16 56 9 86 84 50 28 89 8 69 97 81 87 78 
86 90 78 19 52 52 48 75 74 46 50 8 52 19 60 77 54 54 88 12 25 78 64 54 68 54 42 77 83 1 20 99 68 77 97 77 20 73 87 40 12 12 77 67 75 16 95 93 79 20 8 5 14 25 79 56 75 79 31 61 89 42 4 24 59 35 17 99 12 13 96 48 10 35 58 73 69 63 91 0 50 63 62 39 24 48 92 91 29 45 55 39 90 77 77 0 11 94 2 6 
51 24 43 46 18 85 11 46 36 47 7 40 68 25 32 54 25 62 47 53 17 10 58 65 47 9 58 60 87 97 89 27 55 86 48 33 96 12 47 73 33 53 23 35 20 18 36 62 42 11 72 48 4 48 88 61 15 66 51 56 88 29 8 20 92 40 47 62 77 8 41 48 10 88 31 33 24 32 21 42 94 99 44 73 57 39 54 55 39 8 4 60 21 88 56 17 64 89 24 73 
33 79 39 97 75 60 7 0 44 41 66 43 23 27 21 12 89 46 30 77 55 20 85 95 39 85 97 88 52 98 79 26 79 7 16 53 92 2 75 87 17 24 21 21 61 90 8 0 16 73 61 94 54 49 78 43 97 72 28 71 39 89 93 32 4 55 80 16 11 40 75 97 87 10 29 96 97 76 65 59 29 36 20 41 85 40 11 66 60 18 75 40 22 52 64 57 67 28 71 26 
83 0 31 55 37 70 34 64 47 38 65 31 28 0 13 91 23 59 32 49 32 30 67 73 64 35 37 19 5 77 61 22 6 34 11 41 28 84 12 84 78 87 90 13 87 68 78 88 33 77 5 64 60 64 29 83 79 12 45 91 30 30 22 81 8 85 39 51 23 48 7 89 55 63 50 17 15 60 21 8 34 83 6 66 60 89 52 53 39 57 62 65 89 95 58 51 75 61 16 36 
31 3 91 83 93 71 59 47 39 73 44 2 75 67 64 69 29 80 59 73 45 70 50 17 42 25 37 84 76 66 92 65 32 32 5 70 73 38 87 23 49 46 50 87 24 44 53 35 67 29 8 65 49 41 84 78 86 15 95 64 46 29 68 31 77 96 55 58 90 56 85 52 81 31 39 20 40 26 67 13 81 37 86 54 98 64 87 1 61 73 1 15 6 9 97 8 98 1 78 58 
5 14 17 63 12 28 10 90 75 86 44 7 20 15 49 72 93 86 37 22 46 20 85 96 71 26 73 60 97 1 11 88 98 23 98 68 57 10 33 92 70 91 42 41 8 87 81 51 61 88 53 65 94 19 12 72 75 29 46 5 47 24 56 94 40 95 94 3 10 64 35 93 25 37 31 90 72 57 34 26 87 41 7 74 69 15 83 39 46 93 11 77 3 12 83 33 28 98 48 87 
