258840 226965 239547 237231 229001 213885 199496 198287 208951 233863 211648 215475 208542 229276 240252 237536 227560 233959 214514 243419 232213 188107 237525 247292 230191 212948 201474 232123 225144 240918 238446 233544 233484 220386 196799 259341 260855 237403 234297 213141 210062 221953 244014 249028 250110 225033 237202 215198 233909 223074 239148 230278 202916 221051 244876 224051 214092 218436 204949 256356 225995 248881 208395 228381 231874 216768 220711 218682 237864 226742 245604 212241 198371 242132 226459 225811 231676 239202 225052 216639 242617 251580 221801 239787 235094 227349 232743 243637 217246 224397 199076 249989 211157 257612 231131 258387 222358 232933 244632 239247 
237040 227029 228005 219129 214934 208940 177724 218056 216144 224967 205158 206322 200690 199439 225220 219754 225592 223238 201224 220905 210889 200314 218135 219643 210589 206939 182240 209130 227906 229186 212872 231948 219763 216749 210137 228342 245685 199237 218075 207757 212870 206882 222070 233588 210535 221384 224187 215327 231068 206881 226952 218525 180172 202588 234069 224100 198574 216973 208429 243060 195872 224956 198407 211166 222172 220072 201432 209877 220434 211848 227990 208739 190736 231721 209228 211254 205826 216951 226523 207990 234252 231404 224049 222148 206689 186839 222594 235773 188187 215787 199048 224252 208521 224398 228927 219224 204718 230559 216384 212150 
263668 246337 234799 252590 253476 217822 227555 219852 238788 228307 240888 240011 213565 238142 253952 265028 250712 253318 228117 257731 246268 224145 259381 251896 243832 212047 213743 232381 246487 239096 237559 249555 250762 245349 227478 267300 275785 240069 258545 232322 230520 225301 254294 261105 236174 247973 268674 232843 246676 223439 251065 248864 213792 210573 251192 238614 227056 244989 212581 261070 236055 256701 234991 241738 228635 241406 238928 237923 235240 245882 268017 216894 220551 246042 231499 243742 239006 259553 247843 221834 259137 253041 241096 256285 243950 241244 242276 258204 235171 241198 211852 273940 236436 279652 223829 263055 231072 248254 247082 260620 
269744 267652 259381 257537 261675 246648 205393 232245 216818 256683 244498 245154 248380 240383 281734 261587 248509 273478 226792 266098 229776 258202 255778 268535 258043 245372 218168 250714 265506 284034 259903 260818 252409 248516 245908 278682 285551 260287 261760 264775 254453 240261 259798 280718 263040 257865 267778 239071 265870 247698 276633 279634 214718 244045 276695 255870 233910 263700 231841 280951 251308 264728 235638 237387 244628 248554 256284 250920 255006 244278 273046 243568 231488 259190 255283 246117 240739 258719 255604 222806 267936 253115 261346 271767 248435 243332 257545 268920 237627 241825 225840 276024 262842 265609 251933 256308 239878 265751 259700 246646 
262163 238822 246567 230212 236890 226084 198997 217760 209577 242564 219048 228463 234695 239423 249537 251326 222142 250348 211482 242016 232063 223987 237777 244974 246590 211267 206982 241033 242080 262338 248658 239476 246960 224009 222680 263133 276969 231049 237691 230201 232170 216180 246072 249972 223927 233875 249547 228595 249831 230136 254163 267878 203450 226662 232785 224419 222574 247796 213287 243382 225647 249008 212459 225544 237493 245079 238875 234233 235567 240244 247338 217272 218169 255724 237239 231283 231992 241045 242415 217236 253005 244213 244341 248298 223486 223815 251362 252382 213329 225331 188619 253538 236497 245431 238204 241319 207353 243974 239303 243370 
274361 258706 249379 240639 242229 226637 213643 215085 220483 247784 231710 224112 211007 234731 243709 268727 244596 246218 217673 246134 239495 225006 250353 265843 241914 225603 202020 248796 236579 246259 250560 253243 247590 213632 219344 257522 272289 245915 249280 241302 244942 237648 242745 253558 243386 238241 243191 212399 243773 229781 265391 237573 225362 240714 248966 242451 225719 239003 214595 253813 244146 255529 218115 235763 233918 253886 227265 233343 245490 246166 263145 234319 225607 263420 235008 243824 227721 251527 256574 213725 257735 252922 221626 264253 232811 221787 244806 259014 224456 246876 203687 268100 241038 255824 220922 244784 216755 255206 240582 250702 
236721 221069 242393 221255 239003 216775 193926 217811 207348 222077 209758 227009 209149 222172 227621 241455 225455 242031 209999 231165 207190 209189 231351 239742 233055 214674 199811 205809 237938 236106 241983 237847 227030 225736 196055 243369 261815 208376 240581 220233 215611 224453 240378 250625 225179 231904 235439 229702 244866 217268 224786 240424 194852 222705 237036 225416 219241 235868 203899 243234 210951 239694 217921 216371 210211 229348 212126 216689 240333 234710 242994 216956 207983 249151 211336 219240 229533 237400 232973 200407 231100 227958 249341 229105 220285 203712 218224 248058 211703 214461 205725 229220 232961 239279 229542 240456 215240 224293 239610 230969 
277230 272069 261556 263202 251490 236220 224607 229184 243859 255437 232330 254926 228618 239340 284701 250973 267603 275926 244320 253315 260406 237808 248220 280607 260391 243111 213160 258656 264708 262891 241097 269773 266157 243565 232302 265955 279230 247754 244582 239049 239150 254575 256580 275379 250060 249428 273531 244745 263534 264936 273836 268583 233408 241201 256398 251343 246324 252017 224612 282852 245371 275546 244185 252021 249490 256692 273018 251655 258772 266915 263341 231260 227548 261567 247896 246979 254727 272474 255143 234478 265544 262242 256512 278852 253749 236407 267994 279027 230784 261274 219624 297736 244067 280628 255879 272934 234107 259496 278347 262335 
261328 240019 248505 237224 227654 235832 202101 215286 223721 223175 226889 229553 218859 235171 252208 244977 243190 260107 213966 243549 233393 208696 236035 255107 242101 215845 193724 243471 238888 244059 221915 245004 229280 222645 218325 264214 265095 233710 240240 230148 230540 236006 257004 267807 235304 246336 253438 222185 252493 223012 250331 256224 189229 215108 247453 232144 219642 243438 220033 262856 227599 240865 215328 242315 237946 218869 247470 234780 240709 239080 249608 220116 217460 253414 240613 216657 233952 236940 240342 203125 260605 247380 242760 239276 245689 222477 238327 242759 223634 255235 214200 257860 227738 246981 223944 239741 234886 248387 249538 242866 
276410 278209 251404 266069 274040 241433 207836 234087 231088 260932 256156 226892 235011 257975 267712 264580 262409 289430 228397 255512 250149 235802 260757 276785 265611 236632 216899 255943 264129 264994 260871 272264 263621 255018 218268 284256 285954 252265 264489 257525 254023 238192 271593 252121 253540 239324 267850 247220 267735 240223 284520 267286 223499 238297 277459 250396 227807 270078 228641 269636 230300 268097 222279 259658 257983 237805 249731 246133 267462 256306 271838 232673 234979 256813 241058 251444 252795 266571 275538 232848 271842 262812 260430 273777 252999 240908 259433 273633 228767 254663 218253 276822 243839 270238 260621 287728 237971 254939 266636 260517 
290828 264929 274206 252325 262792 236709 217364 236685 233218 260202 238560 236186 239946 260053 257960 275755 259365 276700 236875 260286 237408 238145 271570 287801 266041 229670 218925 262767 266328 270411 267281 273005 262059 253990 245531 281841 297474 246306 267210 257287 250256 245270 260235 273459 250323 248462 268333 230892 281292 241192 276721 274089 232196 249193 270811 245106 249900 250767 241214 279016 250549 260196 225177 265106 249869 243461 261165 251234 248620 252801 273094 237256 223035 270039 248149 246248 254854 258952 264983 224761 272447 260457 254273 277191 249546 237910 265615 282077 250274 258426 224248 285291 257477 265439 251152 270496 244111 260655 273539 254670 
276097 250983 260177 250112 258043 239234 222679 243561 230771 249876 238020 233189 235900 254119 259443 263211 264532 259257 232610 256655 235431 234174 262592 272018 258315 234980 218370 251350 255502 269939 261696 265082 269439 260075 222219 272476 305707 250789 268338 235251 236757 241133 267527 268876 241020 242055 254946 244062 281056 244080 264814 260447 219549 240692 262789 245005 242284 261777 235649 279294 252470 258491 231322 247153 242997 243783 253896 234445 246255 256017 262474 234358 212383 253924 254470 248389 246433 266170 259354 237085 269606 257273 256074 257725 247586 238893 251158 273900 238667 239614 217619 279770 227462 271998 256822 274408 240643 252119 259206 259282 
291730 267282 267022 266399 277270 268993 208457 233078 223989 268467 256051 247184 261435 256000 277236 270052 258106 281330 243087 276691 257620 246658 257927 290915 258524 243952 238987 268108 271010 291024 275062 271354 276666 251163 238241 291112 291936 265255 270260 257885 251960 246305 273137 289348 251515 244421 267108 238738 290427 249551 283626 277805 217160 253286 280534 262086 252002 275021 234267 289042 257763 268642 242628 263969 266075 263928 272204 269364 270408 265993 290134 255185 248565 277603 274645 261900 259597 273916 288248 238535 273856 277320 277105 281813 269832 265832 268353 302361 243703 246892 229984 279994 257905 268026 268157 271721 236189 268018 273270 262903 
263470 243739 238262 246393 235011 234902 195175 210256 208091 237412 215439 223989 230548 221671 258528 261890 254084 260629 224336 242874 224322 224899 267707 273784 245499 221809 216301 242554 237368 255327 239005 242736 229926 221773 211575 249941 263853 248525 252500 240883 240052 232258 248032 259957 238561 235312 268710 220919 258793 225522 244326 249070 215486 233741 253109 244036 223354 247860 209233 254556 234867 245324 230747 228130 227325 236476 239800 244982 243280 241280 243622 228127 217712 264703 236752 229785 241336 245365 249023 219408 252587 246237 243954 258007 239496 238891 236030 260017 229781 242007 219472 272078 241338 247422 237524 260954 227325 230390 261529 254205 
261518 258029 250868 235352 237977 241602 206860 219833 232680 237386 248491 217703 215172 216412 243578 251119 237557 246745 219854 247127 223750 230175 255601 260634 247683 225438 205385 259927 231643 243910 237746 248247 235201 238708 224329 259377 258330 237143 246245 230029 221245 227869 253606 261789 247834 230016 255751 210701 254080 218551 261472 231316 209263 245679 238406 238109 220604 228092 216076 261768 242115 249310 202723 222156 244189 240102 240762 242885 224449 226136 257573 215003 208367 268350 241585 234986 241766 247780 243042 214698 252739 243771 234016 243345 228197 222197 249400 261166 206616 238872 211590 263572 225188 254698 239963 234093 234171 237009 233118 241205 
241531 220856 218672 218859 210785 221672 183862 190266 208379 216546 219360 206974 219372 225278 238596 227714 217291 229181 201077 208640 204383 209157 207699 228100 231963 202065 183595 205270 226505 236059 236902 226017 211255 199605 198618 235935 254394 197940 206546 220925 225896 217288 225522 217606 210684 208662 213477 189512 223386 204569 241161 230784 187343 215982 229944 215738 200707 219640 205799 243121 199965 229766 203157 207358 213204 216852 226462 218533 231010 219278 228484 200323 191199 240691 209421 201199 206772 226570 227561 203492 230977 216376 219464 234641 207385 196112 223805 241306 192754 209860 176620 232805 215889 238586 221689 227134 213982 214444 222666 223591 
283478 250516 278550 274692 269291 258970 213497 230700 240572 271448 245611 241385 246539 264055 279451 280261 264788 286380 236607 283106 258957 238590 260831 284943 266522 228674 235337 277880 263632 287893 271524 283517 255480 256689 268469 298894 288605 260559 288637 269733 263591 258561 286461 273456 263998 274145 278709 252715 293672 261078 285641 286938 227938 269099 279698 258971 255511 274234 242295 290705 273956 276781 254244 262093 255880 256401 273720 282405 256424 268425 282616 260617 243217 278377 250382 262584 253472 282243 286290 234044 299458 282798 266286 300585 273571 252146 279175 273879 248001 271382 239072 278045 262636 284610 268120 279162 243388 274787 265155 276528 
276020 246242 252630 243204 247754 246133 206417 240733 225002 242235 241612 238000 235484 238630 269443 252905 262945 256614 221347 267592 224222 226660 238822 251052 249192 226369 209191 241369 254093 257319 255688 246571 248118 246762 220976 291573 267225 245416 253425 245470 241076 229161 247976 255814 248284 249614 244282 233779 271752 232227 256246 258713 204955 235097 249226 248867 249980 244368 215912 272814 236956 255095 224023 229535 235274 228493 246287 234016 265536 244339 265317 225423 208397 272150 249610 252644 238808 265944 250635 203586 252913 261422 258187 257475 251820 234538 249101 259946 226862 241459 228495 262459 232171 275320 260233 267941 239037 251808 260219 249971 
253690 229677 229495 259012 248440 239786 189544 234259 225334 224094 233661 228933 241985 234318 253843 247084 246673 246202 217173 234022 229502 224357 242251 262366 240055 210197 198676 235664 259436 257377 250129 239407 236551 236119 212789 255651 286987 232420 248032 248621 234665 237553 253095 258107 237276 241208 248487 222873 264146 230131 248161 244983 214547 227928 249636 246182 226947 244279 225068 257839 224820 245049 243460 239746 247562 226885 258792 234155 254024 233174 243009 224739 211907 265278 251639 230359 234535 251912 254674 203421 268322 238534 247593 260819 251756 240489 245520 250107 220881 219556 213719 256814 229150 253331 245394 260474 217171 241796 244544 251279 
270212 250783 264398 263662 244502 256437 217816 226417 252306 240059 243477 246210 244595 245376 259625 247953 246826 278589 235664 248381 234664 230158 265056 271398 248598 235142 217361 239741 247778 264608 248006 247590 255280 241300 228540 266955 284962 235715 245998 230957 246674 233780 263687 292562 248440 238928 256681 230465 269132 237256 268878 257151 211288 244878 264653 250183 237767 259313 218684 269292 227400 262096 230391 239293 247609 249153 250582 242786 259015 258645 252289 222870 227448 268502 247982 250331 246691 255836 249122 233095 271582 255855 259735 252243 252016 233185 253979 268584 230354 251838 221143 279649 237981 250896 246949 254694 227474 245470 265315 265600 
261313 250917 267428 265063 255001 239027 223621 231529 233388 264571 232368 236165 217984 249540 265245 279437 247067 259376 234394 252996 239811 227388 239250 272704 246158 228550 214278 254283 272408 271300 264124 263716 253001 252311 230791 275660 287732 245741 254100 220682 247260 234743 246775 272771 236468 249206 265314 247067 255264 242209 265064 242121 231665 230065 256154 255489 239831 235136 223290 263764 235049 264212 232804 246339 239434 249159 244449 256092 269096 261410 261275 223916 215088 263600 244594 252743 236088 256891 271697 221094 266719 254881 260350 276530 244713 232642 265148 268118 225886 257383 213592 279812 258288 262425 252099 259427 239978 253789 275277 237129 
257581 237198 226436 240180 247395 216088 208767 215578 224141 231990 230445 224059 221643 231733 245661 261328 231993 241369 216539 245406 219574 221406 228430 253278 241593 209738 204718 238822 245834 239703 234639 249170 237965 229832 215334 271809 258525 232203 237952 219841 232663 215691 235893 246187 240574 235655 238569 219529 231683 222296 249564 249293 207097 224028 242869 233456 208754 240149 216708 252392 230534 258204 216623 230645 228245 239362 229918 223168 239722 228942 252040 230707 207002 234728 227716 233120 225394 249694 249125 219950 254596 231834 238709 253075 233734 213432 244753 254353 211305 234317 195475 256354 229601 252402 233322 242980 214352 234463 230508 249516 
271830 236158 245682 240063 233923 233100 194067 225641 210796 226583 217105 225232 204796 223990 248864 249518 235058 248313 213651 235687 236785 202443 232573 255155 222804 225001 194431 224443 237662 246131 240954 232908 244453 233159 211364 268614 276089 234598 226148 224013 231773 228927 235189 249711 239088 236336 236703 214884 243933 219101 245296 235768 200799 232409 242115 231608 226062 237447 203259 257009 218176 233582 223141 244543 238815 230117 225959 242655 256611 228605 254143 231157 211726 246258 234896 215101 220350 231054 234849 206110 255445 253911 226760 243533 246616 223343 245690 250879 215366 241866 204184 248962 230482 253807 225971 241930 231116 250033 244230 244895 
261362 246916 255259 245383 241789 242176 219166 206647 229151 236343 233260 223804 205851 240749 258435 258179 247391 259476 220688 260304 233220 220832 240874 281816 251468 220214 200216 240569 248811 265755 257188 256603 226005 233946 224858 269194 258384 251412 243741 227793 228099 234924 257415 264662 233064 237138 258779 216389 255162 235245 247238 259551 203428 235952 256495 233694 231371 238750 215124 260293 229133 244615 225892 240715 247549 244296 242763 252937 250400 249731 259749 225408 208852 245509 248336 230424 238293 246354 262040 214437 251505 251661 238785 260482 235603 236948 248955 271434 231399 242513 214423 263792 246353 257161 244219 254584 237518 243571 261690 239724 
235964 226688 231563 232323 235835 215703 200565 212350 230856 220625 214854 217962 204834 232981 242146 237859 233511 227113 210702 222888 224514 197853 219844 223274 218797 212741 189570 224114 247395 232884 239492 243319 209645 229102 207893 245239 276905 212523 239119 213696 211602 211158 241203 237166 214313 234717 244053 215431 239927 226557 241334 227274 196021 205903 238385 218524 227071 232988 209614 243705 214002 235450 220719 211826 232071 199979 235817 222490 215431 228951 233752 212078 195279 234345 225949 219882 211629 230678 233928 188516 241968 229569 233655 228680 233065 222957 225995 242264 207327 237939 194679 243533 224590 252503 223624 238676 217166 230261 251065 234167 
249359 241553 222618 243084 230799 232460 197321 201641 196023 244056 207293 237700 228905 233717 257029 245729 231998 250939 200796 234302 243655 221917 229942 250569 237480 204775 215942 225835 232596 258602 232787 228981 235327 216348 206033 260292 265698 213838 247914 234825 225248 221263 225265 244428 234138 240459 252367 221385 244044 228019 256554 237689 212055 226323 255400 231205 215371 247373 212205 248379 226929 240744 202228 225757 220621 226921 227922 230990 233007 230528 242016 214933 201056 239905 214714 226703 229435 240549 230545 206673 266724 239818 248069 246688 240521 203091 232957 258533 221524 235136 190462 245371 222603 240997 223984 247480 215907 242536 245313 247089 
259673 240690 234528 239161 239998 228920 211732 223641 218616 230536 228921 224410 208432 225967 244066 256041 237144 238488 215507 234836 230066 211215 241505 248915 237434 202498 188448 227568 229462 232525 243818 237763 239973 228586 215645 265208 260568 225064 255067 223964 221138 228690 259424 248204 231398 259428 248243 210596 266040 225510 244685 240605 213549 227150 243269 224498 228646 240002 206476 241641 222195 235986 224221 228430 225804 222762 227288 226760 221256 237651 255375 215890 208911 246193 238553 231293 237466 237259 228406 198646 245220 241472 225845 239890 247516 215945 237637 253903 221597 224594 203907 258863 234956 258978 227832 248639 213366 245230 241441 239239 
277564 261921 260228 251698 255341 226184 210985 233103 243298 239159 228411 221301 235877 254785 266629 269743 260462 285254 240309 255975 242080 235160 264143 269292 258515 231961 214946 248101 261496 263412 253287 275037 253538 252858 216612 268009 300526 254948 275024 249499 253336 256627 269756 271254 244581 244068 264397 233770 262184 240464 254606 256857 224869 242835 277885 255649 233007 269875 240125 264846 252777 267928 232587 256034 249313 229201 248155 251285 265381 249886 269199 228552 225953 268108 247618 251273 237361 263857 253631 220663 269835 242987 260159 263685 259184 248805 241292 268417 240730 250968 202827 278488 249288 269551 244117 269882 246939 259798 271474 267826 
218867 216564 214663 222690 209833 198213 177878 195690 197840 206896 189409 195608 196570 209476 205091 232824 209254 203844 195221 211719 191731 184182 208969 214911 195178 184055 171924 217066 216450 207243 211507 220092 217355 208680 186256 223880 234079 206427 223516 186574 196724 209275 216321 224910 210786 210302 221173 195643 215505 189791 209740 220447 173457 182223 211331 203728 184895 218945 179561 216344 201585 223275 188027 179125 195639 180762 204372 194921 203363 196956 214609 200930 181846 215374 201943 206838 203449 214652 202803 186571 236913 207548 206612 214672 206214 192304 214947 228709 185358 210722 179445 230349 208462 234942 203638 216231 170036 210610 198769 203178 
264316 235241 238617 253865 243177 220055 205527 228157 239722 239669 218348 229711 220882 231799 257425 268492 242009 256507 224721 236108 233873 227276 239285 256732 246764 229944 208403 236713 255719 244002 245911 243981 240079 224749 226144 264159 269410 240169 258684 240335 240612 242938 250158 249600 234787 252672 258421 232094 265485 233860 257383 250938 220591 220401 246948 234934 226272 248294 209722 259770 239635 252632 229226 248230 243548 238232 233608 244762 235613 247703 252349 227185 208563 246845 244517 242476 219218 247888 255024 215011 268759 248275 245154 264402 244608 228926 233705 254158 227830 237000 214839 273461 237464 244581 245844 246481 230779 248000 228009 254214 
301914 275825 268008 279025 272295 249715 227980 255785 242108 278513 248874 273537 252406 256286 287001 286728 263878 288232 240832 262646 259793 247648 275270 296078 270816 256049 242792 254185 272422 279291 271393 260759 280106 256946 246812 292118 306845 259293 269963 258677 265982 257115 272284 288531 257995 260686 285684 248580 277029 262522 290779 282855 245781 247155 269035 267190 258883 270184 234700 291655 255778 273144 241524 259523 251195 269573 267135 262146 263804 264829 272022 269998 240916 265285 267138 254936 259942 275575 259803 248790 278761 271634 250414 283591 270309 243609 280916 299491 236532 273258 223463 292018 269219 287570 259402 271267 251132 278114 264237 276668 
296592 264332 270256 239439 238536 233953 228758 227709 240785 264240 225026 235615 219910 251997 282404 275458 250977 274908 231236 249145 259830 234633 247466 268358 256565 249746 221392 253396 247767 270151 249503 277765 262280 237505 230630 283439 284988 274709 240002 234157 256232 253918 264563 275876 263717 246028 270486 233093 266941 252257 274767 268050 224736 242661 253123 252094 234106 248363 224354 286081 260208 271762 229441 261050 251010 250183 259714 238780 257985 270374 254535 244473 212143 267440 260694 251878 233223 258446 266142 238709 266242 271283 246854 259417 242652 239469 268746 269467 230090 256349 220028 285823 256561 269060 246370 264960 242890 266905 262799 257191 
274632 249383 248068 244527 248288 219030 217570 234931 235867 248900 216659 241141 230165 238445 250154 269240 245374 243776 232558 246680 217734 228961 235542 263019 254951 225108 205724 242053 252674 231341 238007 266441 247995 236280 224328 252219 273397 236518 239499 221159 235874 219886 245868 257637 229076 231769 267629 227682 278320 237053 250962 261600 213726 210631 246662 238497 232855 230563 222054 263871 223525 258088 237974 229351 243148 241163 238000 234933 239676 252229 248776 220940 214930 247697 239658 241893 234131 247700 250852 227076 255576 259199 250111 264715 232839 230491 252923 265059 227154 234630 207407 272561 223175 267904 248811 253075 226197 242111 249997 243314 
316496 283391 304754 296596 278985 277093 242916 255285 284720 285159 258946 258022 259247 281146 292934 280585 290780 297238 268093 274059 259729 250094 298249 303644 293258 265343 231819 300755 294888 281396 285447 297023 285626 275074 257881 315722 315593 277538 297435 269108 261023 273806 296732 308110 289550 291128 300100 262247 302708 276907 307806 306558 249748 261743 287732 263064 268887 284714 255506 305001 263313 301599 253381 275442 285933 273349 290212 270867 271876 279112 290733 265831 245845 308586 277795 276294 296008 292881 285720 248631 306562 290993 284040 305591 285430 267890 280899 311579 267222 289983 255995 319853 275469 312358 281664 303608 265807 284882 292785 302967 
284406 273985 273214 270287 268573 250779 209875 243690 225572 261883 262506 246152 236515 254871 277674 277242 275307 268370 245989 259967 256191 241698 252170 277491 260583 247191 229635 291842 271261 265898 264329 285261 267979 260352 259713 290476 294372 255994 266704 255838 260090 257839 278098 274675 249441 265171 272644 241266 276760 258902 296375 263551 235243 252639 275577 265864 257971 258189 229477 298315 249741 286960 244117 262446 256192 246435 277049 269729 262724 266924 282287 241550 245226 287623 260440 263129 264745 270936 287920 245661 281568 262162 259605 280654 257706 249495 267194 281699 248461 260909 233466 291637 259045 275686 265828 281775 251034 261130 274541 261405 
246467 211979 244718 238485 249600 223810 201757 222294 220513 234212 224714 243997 215596 235648 252147 237695 242117 242992 219614 255828 226186 208332 222374 250685 237203 211272 209725 223867 254324 245685 251285 234521 237575 233608 225860 262998 267498 223746 234990 228415 232430 227625 242830 247516 230151 249450 230126 232201 250510 235180 269910 246977 197559 227857 241884 230671 235577 254886 203527 251527 220581 236633 231679 218652 221900 229041 232298 231261 250166 235112 249378 222469 223203 244932 232908 239647 225259 235215 236236 204392 247294 245456 239451 241674 236891 212477 231232 243868 205367 229458 205864 249507 241770 251834 236881 249429 216228 246305 251216 235175 
288190 250110 263405 261588 255040 251294 226597 242395 243257 267307 235068 249068 245617 249031 270425 283097 255061 257996 228405 260659 249472 232178 239921 257691 238594 256966 215671 275993 256903 265299 268221 261759 270657 236919 243691 287400 279684 258498 261946 258566 251300 256897 262429 289365 265038 258660 262376 235866 265249 252053 271890 264848 216055 246380 269301 251549 260039 260525 220621 275478 270393 270870 240380 240421 267313 258075 263047 247280 254783 257542 272137 237593 234548 278610 263621 254139 241729 270672 258707 233725 291139 281166 251739 268247 247150 241953 254355 248328 231418 265927 222259 288340 247582 285918 255649 261312 232271 240399 250893 248830 
306906 277836 284888 294325 295529 267260 254466 255467 263735 285190 266924 249014 257150 294903 289017 293323 281593 304582 274752 256653 258960 249963 267507 307486 291005 268820 236936 282566 277787 294987 287365 292070 281302 268260 254872 290929 332670 277817 272203 275495 288117 260353 282521 296563 271206 280906 276456 265574 289927 276491 303440 300106 260533 254454 296458 272212 274482 280139 242220 305134 250003 301481 249507 272648 261754 285263 280468 269691 288062 276210 286217 249582 253704 292835 271591 277296 272470 296822 283473 252622 294418 286416 286481 305495 276309 260163 272982 304869 245663 275426 244826 299282 274480 307722 273969 303786 266676 274632 293591 295317 
258183 234090 245894 244052 239188 218217 195186 220691 221641 232318 215522 225736 209780 234737 245988 250757 235566 245612 214123 226232 232298 215924 233847 261047 232082 228871 207419 228850 243186 240452 246827 253690 240090 224993 215925 257097 272826 222190 245590 233966 234136 232356 255376 239966 217499 247155 258251 222328 253942 232310 258835 235514 216333 222118 239111 224835 226674 236355 214021 249776 224251 241908 218823 240741 233624 234506 230189 249249 229697 244269 233433 219014 214329 243755 231461 209791 229644 235025 238934 212535 236601 241119 244734 257784 238622 218961 244724 248763 219062 230495 200637 258305 249672 250384 234737 259105 242585 230912 247314 246786 
272745 260875 268640 246685 263886 234456 226980 237679 234521 257731 229174 233850 234242 247066 260708 260927 257215 265119 235388 257963 225108 239355 261535 256004 260322 225432 216088 258192 261615 253765 247824 269962 248094 245101 223318 277016 281017 253349 263710 251183 246740 225978 268630 269293 257021 250976 276376 259066 270366 233791 264874 263288 225140 235397 255798 244246 246946 246099 230453 268215 241477 279959 221965 244662 231888 252225 268058 249305 264958 258959 271411 223144 231679 270716 236277 247791 248713 266011 262174 235557 257736 269301 263806 274558 243639 224056 252147 280385 234600 245685 235461 261344 243383 261269 255059 268699 240848 232431 266344 264085 
287239 266052 268417 267645 260363 254493 217744 236423 238609 251899 251600 253434 250593 250604 278632 278982 254821 274328 241072 269393 250673 239769 263130 262468 269106 224572 219699 258600 258553 268956 254261 259957 261820 241263 241388 294641 276497 261246 263764 254091 256115 243305 273775 262266 276281 262222 269074 239971 264418 243456 266330 263969 217797 253529 276870 256255 243139 262689 224944 269770 246419 276382 234625 251356 255270 261078 236716 259668 281404 248036 276293 246995 223061 265293 256058 254814 251273 268978 265020 230895 287514 272732 260193 278630 250019 231070 287935 273014 229329 261830 228628 274283 246006 285377 248624 268479 233634 260240 252595 265786 
254728 247351 257921 237937 236948 234926 202072 215860 216592 248112 233110 223282 215415 216256 238058 243778 255346 250878 234300 250341 218525 232873 248159 254140 245666 224444 198191 248769 253514 266511 254722 244831 242452 229861 210979 256088 276112 238797 240104 223707 234397 220477 263218 259676 240979 229624 244125 231535 258228 224530 253397 245303 215371 236542 263029 233690 229807 227959 218601 264055 245473 263936 215119 234984 242174 251107 236139 229060 246895 244342 274203 221001 224945 235697 222115 241803 220144 250019 254225 240546 258905 257056 240485 263871 237019 214680 244349 243891 225038 252869 204028 267057 226858 251229 237709 255871 238957 233774 248985 243516 
277384 216927 232836 245272 234360 225469 198426 211020 230368 223352 217839 227865 216612 230896 254107 259953 237429 244733 217186 237794 227280 207471 240653 254248 228027 221734 205832 231818 258190 226979 231522 241629 247090 208164 225722 260747 264433 223832 231276 215943 230831 245129 244962 258180 231142 248952 239165 211319 247215 227600 243752 231131 209149 214045 245923 231439 237360 252121 193176 257836 229399 235882 223225 226310 232067 224056 232695 229790 220195 232152 252727 231210 204991 238609 239240 230414 217927 235290 228683 214452 247420 236504 231574 235301 248278 219102 238486 242513 213278 233985 212331 265644 232071 248985 243076 242314 224121 224435 228227 234735 
279236 257379 252589 241276 253308 236644 210233 222472 231975 233011 233849 230491 229145 231634 279341 243612 256242 266234 232637 250562 244671 233786 235679 280605 244047 240916 203337 241750 256734 265864 259504 250816 244139 234998 227590 257770 284136 224502 236601 238462 237420 235859 249572 260668 220960 240312 244734 202858 250617 231540 259132 270560 220526 246134 258749 239244 227507 259037 211347 261754 236501 249716 237958 230398 246812 238446 257903 250407 246085 246014 252417 229568 221826 263438 252177 226713 244352 255784 243120 230004 254889 242543 251929 244521 232433 222667 246732 280261 218570 240951 214939 271246 245323 264924 239654 243725 241454 241541 249988 246045 
282200 269548 270917 272107 257830 251388 230250 244278 236031 251538 261874 238168 235276 260665 274498 285184 274620 290050 242515 267082 265454 236247 264599 273491 265811 229501 226348 260237 264477 288646 269807 265074 266300 253042 237980 288668 291673 261301 289381 250024 261127 228837 267950 271604 247729 264702 263375 255100 276189 241361 290963 260486 231431 231016 291843 262990 222393 253198 242564 270819 254183 273294 236205 261126 265790 260698 258543 254482 261422 263707 272940 233390 243159 274639 243761 269202 258534 261033 279504 241019 287164 265054 278401 292440 279666 251614 257080 266607 246604 268668 232797 283995 252286 274503 253271 277948 255083 273956 279998 278846 
275954 250918 266962 245666 250519 245182 211568 227433 245240 253570 232879 260987 246980 259555 271430 253177 258162 278921 241027 249741 243634 227988 253537 275821 253501 239132 225611 243836 263807 257524 254716 256036 261829 237170 224640 264849 278762 240670 257096 237350 245806 252828 267778 282324 251582 251601 262502 241528 265748 245899 277228 262693 225606 228370 272437 242671 244873 282485 221434 277784 240265 274605 230958 242793 246760 245018 259579 244214 244508 256363 266131 241469 226232 267726 250086 240372 243119 255691 248978 236665 281265 260895 263660 264311 245165 238225 249112 276784 230337 238003 203639 285779 255332 283432 250586 286833 230655 248484 258084 262748 
288973 247365 251122 267685 257376 258314 208743 238981 237732 255603 236069 248123 238153 249676 271529 266249 252140 270266 238108 257876 242354 230086 255242 282833 257476 240656 228867 246430 260233 259699 255835 255677 274630 239523 238806 268525 294962 238753 256580 237980 259197 245252 264555 284468 246977 248311 269637 254048 279334 243668 256521 271243 215950 219727 269231 251244 253679 268422 228537 281790 236861 263178 231838 249603 236109 252689 261692 264796 256024 253347 271252 248311 233858 270559 244622 256340 246733 261755 254022 222632 266514 277102 260810 274713 270383 242648 263190 291668 221728 248187 229416 265170 243675 272489 254615 258238 252808 272305 254933 263144 
270650 257029 262867 254940 261731 245070 199219 215292 242508 258835 246296 242595 229142 246423 262724 254800 253930 256155 240547 255726 232472 232735 236396 280250 240056 238988 226418 254378 256261 254984 243407 269934 260175 244979 238449 271755 275699 244484 237490 238029 232716 243899 244596 258758 239701 244484 247463 248418 257824 252298 276390 271165 209196 237028 278828 261903 235567 243580 216315 267759 230953 266946 220801 244576 230936 247916 248658 252035 251732 251058 256977 230280 226896 267593 247449 231721 253876 263843 255727 218673 253996 258803 260230 267978 239589 239247 261225 269211 208908 237523 220238 271695 255746 267133 262818 263124 234598 255244 271244 246359 
299091 266482 281765 267122 273233 267988 231273 237498 243714 258065 261084 249161 246751 273520 284436 272354 282553 276788 248107 266643 262432 242172 264235 283212 271833 247882 224789 268215 270285 277508 266758 269374 274744 237763 226149 296507 309619 261218 267126 261857 254495 250867 271014 282048 271983 268188 262783 236822 269287 258142 291447 274539 237845 262533 262651 252769 256370 285253 238269 277262 254351 272556 244271 266818 248880 268619 268573 269414 272778 271747 289845 235350 243254 276802 250763 257050 248523 275613 271071 237684 278074 286947 285721 275106 277670 248406 255144 275616 243852 270222 236608 284219 261801 285665 253757 281506 270913 268504 289006 287172 
265600 228761 238311 245127 238675 229581 196494 208570 202355 231753 211226 212888 234163 220652 247364 248061 228871 232977 202631 233538 220722 218608 235207 261604 230039 213561 197553 229099 236713 247372 239307 238606 235817 222253 205192 265462 264032 221343 231091 219571 233111 219523 231379 246514 240283 235131 238720 212601 241908 230349 246772 239122 197590 232904 227818 222432 226872 239307 206619 243540 229666 236590 212942 230508 217508 236533 230447 230019 244867 230067 236725 226690 198894 237373 228367 227570 221711 244038 239272 212699 239329 241984 222409 245706 221441 200860 246316 247401 204283 226543 204873 251124 231203 245902 229171 245830 208489 230719 247323 229737 
238545 224678 229851 239935 235535 233503 189546 201319 223456 230104 219763 193395 209983 216273 236485 245016 229172 244635 206709 229635 218794 221054 230740 251026 225457 210647 191416 234642 238583 237487 241633 246090 216632 238490 214877 252371 255451 211228 235815 232866 220202 223740 237132 248112 243277 238593 246792 206398 243415 215219 246108 245706 195519 228571 231351 239877 215035 228428 205274 245527 228802 236855 207250 216629 223292 228599 234790 222658 237626 243386 229915 212226 201653 253834 218787 220844 219513 239076 244658 197453 246979 240388 233986 247124 219790 206883 221578 253161 215894 217984 212854 242414 223634 240482 223662 226117 210986 226991 232927 235136 
262884 257594 270821 245153 246510 234702 227113 217978 233596 251082 225941 230359 220582 243191 265160 241012 252851 262376 227794 248807 225686 228242 248384 266786 247701 230551 204481 250280 234174 253077 257799 256154 226870 218476 225075 261456 277873 232245 251418 215826 236217 226742 253078 267107 242181 237746 256535 227624 275181 229417 266013 272920 214127 227827 247344 239560 228513 241907 229120 262351 235038 266808 234228 230244 227464 230693 245268 238024 245511 251626 251356 231195 215774 249894 247695 248245 236659 251258 264720 225521 264510 245333 243241 252219 231242 219048 258651 259159 220236 235357 224515 263337 237601 247256 248637 251335 219637 231503 252624 245090 
264568 245599 261569 248686 262185 239732 209451 232477 221647 252261 233979 243136 241499 242789 257794 260546 247263 270660 214467 260214 232156 232700 246361 270716 262009 227347 228403 245405 262358 284266 257885 239026 248576 252194 223088 285344 285096 237756 249143 240015 255077 232131 250735 278755 248315 259970 264002 249503 266492 247056 264805 270607 213870 236121 250269 247281 245488 255216 228674 272473 246108 259283 211917 238398 238846 245202 257051 237530 254524 260045 256276 234512 223648 260913 257727 254541 237553 263335 251522 232639 252616 261214 257293 255065 249022 229733 256287 263492 223599 244558 217966 272461 251966 271841 245587 265015 244551 264178 273860 255334 
259857 231645 242261 265690 239811 227164 215126 225833 224605 222286 228324 225986 226237 240289 259014 254318 243426 235735 221916 247537 232854 220218 230563 249564 241118 221192 205174 229835 252921 245663 243392 242887 250991 242724 219287 274449 266317 219529 247310 216595 232860 220562 238364 247389 223264 247794 241188 220454 244997 228767 256464 254593 206020 214815 238531 226782 224276 238584 216694 253133 214295 234779 234075 235023 235839 229659 251293 238291 230910 241637 245968 233915 207239 242656 234079 229018 253024 250863 240459 220178 261450 236904 245483 248467 245617 221590 237934 255404 214054 248106 197216 260360 231741 264798 243337 257748 223042 243368 255106 244667 
252290 223041 246684 240924 251291 227802 199035 205891 224218 241195 224610 215569 232544 231031 236887 240707 251021 241896 212970 232890 225756 210331 232816 264753 243564 209408 194658 247804 236525 248228 241853 246717 227438 228501 205147 269494 265452 233691 235435 221062 237398 216216 246471 241874 235090 240965 232454 219507 251095 239908 261523 246491 225606 231326 257172 242172 226016 229835 219537 254985 230584 254714 223019 233693 224847 234682 238637 237048 248212 228607 241367 225372 217712 233585 232687 214988 235505 249448 239267 206286 241894 244909 235366 260079 246799 226895 243834 248398 206556 230832 195395 255224 227704 257752 245226 258724 224736 236011 249404 246795 
264422 239850 245581 224937 245743 216416 208505 217530 236437 233376 225537 223850 220563 240467 255583 251591 247236 261169 226974 243512 233687 218720 232487 254013 233872 223566 209879 245512 234780 248347 244535 244688 244553 237265 209266 253971 275411 253101 245940 233814 230499 241628 257751 267567 248572 241124 244419 228852 258396 234666 250642 260562 213797 218279 244225 233793 248350 251925 201936 255588 242393 268456 216327 237823 225373 219080 255498 234777 244356 239873 243561 220076 193873 253948 241213 238889 241353 257576 242368 208492 248406 261333 238285 251449 245135 231144 233179 250227 210245 225979 210092 265751 241595 260952 231955 261276 221662 244009 248288 247368 
275549 257427 252624 271109 263883 244837 232444 241850 239345 254588 244392 248717 232136 252309 274950 269126 272166 282935 240766 266800 243099 233271 250725 284671 266345 238480 220477 258698 260665 268078 268699 251496 261091 256469 224353 287456 286490 250978 263320 263935 258491 242732 259065 267454 252933 267356 253368 253552 267070 247227 277340 283468 215650 235252 277069 247041 247436 258486 228187 281279 230689 274460 248094 249454 252521 257907 257720 250199 280561 258133 265549 242568 232263 269561 245215 250751 250715 264088 252431 232763 273852 272906 269715 274187 260999 235850 251735 273675 234570 261308 230439 273123 241060 288814 278493 281448 261490 259698 282164 270379 
311465 274652 284120 275803 267649 255143 232604 256814 256631 264451 258791 256858 236881 251848 280627 283997 282637 277628 252014 272790 254383 236151 262899 293430 271065 253344 227490 257247 274443 285599 275672 273010 274408 254064 245013 308100 292893 263121 255288 251056 267529 259840 276713 266895 285325 266374 266353 233327 292046 251502 291703 278894 234067 269327 273404 264138 243860 264369 234913 285025 255359 286546 247270 257988 275938 266420 249659 255329 285433 265505 289350 269900 232059 278650 260099 259112 252379 279916 260891 253540 283192 274603 267876 284261 262330 238682 282197 291529 238348 279330 235979 304130 262359 294296 262549 283551 244116 264909 278928 278038 
242401 233191 233231 232572 223632 215527 203119 198474 209720 225791 225494 191829 194593 218080 228267 227669 226979 235466 216714 219768 218872 195277 230465 230358 234459 211398 198889 232976 212613 223665 222116 236820 226196 211633 203094 243034 255288 220741 228192 216829 215001 213761 237431 228739 231214 206906 226610 204698 220762 212430 233903 236653 187606 208757 239763 228923 218714 207141 208182 242666 202484 243171 203271 217817 205530 223572 217942 215574 215881 223867 241485 214016 212438 242655 200435 220186 217111 232934 229022 218152 239996 234192 217807 237352 222614 206957 226820 231424 200229 234515 192685 238669 194912 252824 222447 231392 215887 228140 240020 232915 
269381 258864 267466 245230 252396 234873 205707 236365 243517 243122 235463 238384 229170 240191 262354 244544 261050 259836 240367 255377 249832 236239 246696 254813 257780 232319 219152 253637 259558 260566 251085 268097 249504 242156 219986 272560 291175 250219 255812 232281 236968 231372 258836 261599 234844 239080 268669 240088 264029 242676 265886 258154 221625 225955 254438 237734 247473 236073 220562 262645 241618 266299 236002 256363 250354 244772 261000 232484 257062 253848 260541 225401 203071 254185 257495 244690 241980 260422 264695 226214 264762 263227 252366 264602 245894 241843 264730 261889 220829 242916 221719 275490 244190 261305 250080 261098 242942 252737 260302 254506 
296454 271255 269645 272440 255959 242967 227187 237221 236645 251070 244589 243101 230531 239707 271015 266631 257991 275532 240958 253559 263638 242136 261994 282165 262651 244610 223057 258546 248259 272906 258962 238073 273319 252537 243555 279221 286695 261546 268941 239875 248048 244159 273816 291023 265770 240875 271965 249674 272297 243333 279549 268994 224548 241221 269478 249690 234500 259342 219092 286126 245575 272709 231570 251618 241509 250269 251422 253718 255926 247862 273840 232930 236589 277342 256449 255531 259511 262222 255250 233739 280960 269175 257706 265558 266359 241611 261469 275832 227259 271383 235210 291054 257028 275448 248920 262182 239529 271463 257763 266592 
289373 269467 263669 260816 260771 240577 229620 254672 240520 256888 231614 252422 241274 247924 284877 265532 261940 272616 231685 255084 256169 248131 260900 292359 262083 242310 220894 243268 274598 279715 270179 280308 261295 252694 242508 276934 307071 237631 261313 253971 259388 241359 257690 277449 240516 258590 282134 233566 279270 259884 276721 269748 239249 252213 271609 256124 245511 270968 236190 284871 243023 278076 242537 262274 265236 263534 267774 246642 261938 269197 261964 240945 224833 281862 271650 269996 259672 272498 274981 241824 284590 271800 252660 274144 261596 236592 259814 293809 245653 248291 227110 282031 256858 273611 253415 273197 241588 276246 271632 275764 
280426 275060 278543 265520 274678 249710 227591 239749 261257 260117 250747 256586 241349 256466 294496 259056 279702 289804 249282 274071 254206 250032 273560 276928 282657 260568 242495 265005 271335 283312 276742 281975 256174 254085 246631 283832 305706 258533 273853 283390 251677 250417 281363 277191 270251 254205 286130 254863 283167 257273 287395 280466 251972 253070 275151 257685 265969 263137 227816 288685 243307 280388 245793 259263 246242 255100 267013 260579 259516 261686 268234 232720 246277 270713 258727 270604 266767 278903 266915 235739 280498 273757 272681 292852 270995 259858 268120 281853 242111 265196 234126 284727 255813 285719 262796 275984 260081 264921 277411 268450 
282483 256570 262864 267186 261520 234352 218895 248848 249442 246589 248026 232735 243432 247030 266902 271109 268500 278005 243104 265714 238419 241008 276237 258204 271842 248482 223299 252648 271367 258895 259565 276926 254768 263589 226519 285158 290915 262921 278644 248789 257705 264019 273404 286855 250007 256628 272165 250753 280952 262256 263663 271556 224107 249802 263369 257058 263348 264062 246809 288173 245737 272884 231836 252666 249976 249320 254777 267666 261245 268433 280150 241819 233014 274262 261844 268423 251204 264800 258754 224595 272102 255400 267773 260367 263768 251020 246707 272965 242543 262725 216422 274205 246597 281980 263933 268760 244096 266707 282173 276274 
243888 239326 247305 224675 235738 224414 195262 211043 207083 227624 226857 217047 208706 234239 239890 245836 233046 223097 218573 230684 204163 225951 230285 239236 236433 209609 194507 216025 253422 238322 247287 252600 239329 218327 200178 253760 255672 232459 232831 221302 219217 207979 236778 249404 224991 220582 231926 223807 244727 212659 233176 236004 207430 207801 254149 229222 208702 213342 222178 240739 214067 231720 212842 213689 230071 234710 225886 216312 229652 241412 243268 200874 220618 242708 225321 224665 234771 233612 245935 207417 236231 241277 249856 242449 229127 225573 234308 237440 226871 213244 191233 237185 234587 244757 238481 246187 223049 235459 246344 227241 
267328 241488 227455 226463 239179 241401 199346 203838 210722 219864 233463 233706 215242 233541 254379 259919 224001 256631 223556 229624 223111 228070 227300 263764 251963 211282 208223 230156 244048 249589 231891 246377 247240 220265 209853 250160 286181 233048 235196 212372 235640 222454 251201 253586 226160 227872 249853 222478 254310 234429 251986 257869 208421 220345 243858 229477 210028 239788 217117 262442 235025 255882 218871 226240 215747 234386 235808 241408 238574 246913 269430 223400 204846 242675 232404 245382 218943 248310 254084 216499 242617 238846 245101 258333 243706 228412 234450 261931 215619 232250 209214 255657 237533 248400 222477 237452 224461 257486 236730 247326 
263372 247832 249393 250252 236082 236030 204126 242407 214075 245840 228952 219750 213389 233867 242677 263983 246261 248952 212645 255728 222410 206883 243281 263257 238597 220714 192252 246731 234460 258302 239598 248580 247963 226466 218475 266746 253640 226301 263651 231333 241258 231652 249055 266544 232661 249657 245141 225030 263015 222249 248382 238027 205810 237301 247408 226659 228157 243657 233692 261793 227269 241405 232646 248985 234641 234632 234852 238594 244854 236898 260048 234848 216939 256890 238892 234609 239972 244622 256010 216992 254978 250984 238766 254706 253780 215014 247915 261041 234542 250728 220342 260383 231973 242732 250147 250441 231239 242395 257228 236619 
272780 248115 261919 247126 248791 253186 208219 236455 218682 268785 224746 232330 236149 234259 256131 275767 239001 257507 220780 246857 221750 230651 237886 274617 240821 225235 205450 245729 259442 272817 250682 256462 243935 237335 211152 274973 277682 243588 238478 227350 251099 224172 247289 276744 252531 248059 261353 250380 266081 235071 264316 262359 215427 232698 255216 249908 223984 241886 236827 273256 249380 256905 222429 228279 237020 251355 245330 246325 261126 250386 267099 243004 223058 255773 233607 240850 221291 255874 257217 206092 262394 273437 253099 256252 244377 218164 251797 265885 223478 252000 213831 253481 241693 255423 245042 247027 226275 254931 246995 239510 
266182 244114 267571 224512 256446 225927 233363 201993 213932 254261 222727 213517 215455 236679 257472 254085 236157 257149 220473 244024 237937 229860 235559 258615 236248 221488 210243 246254 227507 256554 246666 248211 228480 229293 210718 260284 268169 244976 251213 231760 226741 231893 238224 260420 246299 224909 251141 213377 248891 220475 258852 248365 214987 227245 244593 234824 230582 219908 209523 259188 236422 262975 207128 233346 221443 242841 238817 223533 232639 248561 241409 224130 204874 258854 240540 224824 226826 257526 252328 214286 243732 252873 234716 255477 237870 217102 250156 257740 219930 251497 215147 271549 236424 263995 225600 246150 231071 240169 258864 245746 
272532 251196 258807 254824 251002 248391 221430 241270 225209 249790 233167 240866 243031 254259 254047 258126 259173 241480 227634 249606 230236 230346 256341 256424 251001 228438 202798 240089 244950 258753 254895 253945 248127 233563 229556 279815 285232 228197 256966 243168 246211 215833 249698 247756 250497 240733 255115 228208 267928 239965 282253 250569 216663 245355 242991 241412 235523 246989 234045 260686 234828 252175 233401 245188 227145 254149 241021 239750 251478 230236 263522 233451 219885 252944 236905 231377 233682 254034 249351 230649 270424 257339 247215 272275 238122 222464 257639 269028 218933 244616 225931 264343 236930 264958 244598 264397 223036 239623 252791 258290 
253871 244396 240667 226487 236587 236381 203499 211094 215067 229088 219340 219222 222965 230721 264987 243098 222932 256776 205241 236118 224132 212564 246876 247264 225263 227991 202425 234882 218047 241667 219044 253651 223610 237635 209253 247143 266219 222663 233652 222210 224194 218964 252184 249613 232924 226928 255023 214525 244116 233470 237610 241087 217269 231875 243754 233518 219879 231127 205694 250541 215045 254872 220405 246955 226774 228580 228744 231468 235984 235065 235265 235942 195398 241246 234481 226985 247936 250039 251995 214884 257763 241856 232659 255774 227280 228267 243664 255433 214765 239380 210014 248056 209776 241959 226052 258121 216759 225178 238299 245465 
231876 214955 223428 223636 216533 201437 182391 209335 214916 208366 198808 215411 187984 200208 219256 245105 232384 219203 204968 220072 200738 209342 224181 239299 205784 196120 174419 202816 237443 211523 224269 211139 226295 209277 198405 228754 247292 211181 214695 190889 202432 206276 222878 216411 193728 215014 214957 209578 232695 200940 212066 206857 206036 206424 223905 226465 206505 211616 184359 226974 206702 211630 219048 206930 202389 215055 198453 212184 221608 220540 224090 212347 190098 219274 219988 207778 204944 219314 231785 176252 240186 217624 211606 221772 216311 197054 216925 237858 193474 218381 186782 239638 207362 217667 223036 227032 197445 212841 222189 215407 
280601 248335 261243 246596 250631 248877 209066 230433 247418 248429 235155 240730 229210 245817 273693 259846 241536 252876 223514 256139 234292 228669 251044 253443 243344 243322 217677 226647 253976 255127 248212 262463 258105 239233 234904 281915 275037 234721 240572 235376 241310 233533 246429 280277 253257 246590 260438 222791 284751 228756 254980 251748 210977 241418 254092 236801 230514 257562 220382 273772 240686 239965 226659 239194 247421 241740 256848 238686 248485 253798 268549 226838 219339 265248 255707 250785 247334 240858 256256 210871 245488 268978 246757 254096 239809 244451 265582 266229 232384 242648 224077 261483 247435 258250 230557 256945 242322 245201 262015 257067 
276699 241587 268198 261182 262161 249263 210150 225930 241355 256232 236200 230773 230729 236064 269516 252397 270074 258713 236599 256456 234397 246038 247457 254916 250954 235933 213548 263605 280111 250510 251103 271097 256659 237697 247630 289434 281332 255586 257884 245493 243701 256560 248909 262547 251288 265722 260656 221421 268022 234522 276611 267273 209618 232237 257637 255276 261441 242945 223928 282475 247094 261195 236273 242098 254009 253383 268862 242396 264935 250522 280065 239678 232329 270263 243335 233041 235461 269113 251383 223982 266169 241561 256673 268713 262029 225108 255681 266159 234572 250177 219182 280506 240888 262032 266554 262265 247522 247970 270939 248638 
267753 249993 257189 238615 241089 218441 195075 242710 226878 238930 222784 219241 228307 232614 252423 255624 250392 268225 218885 254745 220510 239469 253110 259095 241032 233211 199334 241413 248035 241066 243346 260589 253993 242806 221239 263503 268960 226839 262045 221451 241697 221185 267891 259400 233788 236611 259967 231529 278019 220203 249732 240640 212123 241436 251833 235493 226745 247516 216401 265730 237196 253606 232402 236200 222960 234164 242155 247423 240580 255944 253077 231105 220429 262815 244232 236482 247941 252998 258069 216114 243690 245920 255802 248935 236983 232344 239661 270238 240665 241398 230125 268755 242004 244666 251171 243430 236930 229887 248356 240567 
256221 250749 250937 243075 244803 229672 212924 212116 235619 249312 235312 239549 224923 254042 260348 247428 257866 267509 228445 251527 241206 213617 263479 250118 254805 236254 214456 255407 245397 252193 246083 255314 234022 227825 204617 256990 286084 237343 246905 226497 236723 246004 249121 257703 249390 243424 259814 229707 231637 247193 263302 249385 225062 223904 254645 240684 237688 254926 225818 270686 245866 260711 219897 236546 235818 237091 263445 227045 232675 244530 245668 238907 217968 251021 233088 233091 246327 265529 255338 232929 269674 249355 229201 253669 242879 229333 241993 252602 221583 267196 219609 279107 237211 265115 237742 265296 246638 236829 255779 267290 
251797 223639 228757 229105 233329 239709 190128 186016 210017 230465 233371 204058 204121 228467 242026 235168 225721 244576 201372 222049 229590 201930 223698 240303 242823 206591 204679 235531 239913 239632 240642 249285 215225 212843 207452 259913 262950 222269 225679 228470 217633 229971 239978 232016 230665 233735 240375 203406 244348 232242 260386 258792 195260 227397 240347 231013 205045 222146 216734 256308 221849 241014 198524 230317 234709 222324 244294 225734 219560 227386 246470 213313 210939 238734 224018 215299 224467 244616 238644 200726 242710 235747 221746 246444 248002 213012 233726 232274 206926 227384 191259 243746 214614 244914 228776 241294 218240 241412 236224 245353 
243863 232743 220082 230076 229013 227016 209160 208059 205004 215629 228830 221103 204694 220231 248317 243724 228040 219820 205471 244973 224711 217501 214753 249146 219871 220151 189249 221673 233204 238699 235750 232595 221599 209323 220681 245139 249324 219152 224349 222336 224408 199041 227899 241792 215410 226033 235359 206998 235096 215770 241462 226630 196690 209871 252443 246870 209017 219642 199144 243942 209764 241505 213965 219907 239157 225480 223965 228758 222059 231848 228493 203786 207998 248227 240674 230450 228430 228044 248411 196239 237289 229831 232766 241537 215790 224056 226584 246897 207952 203967 199269 243131 213220 244023 227507 240816 208010 223476 243699 215494 
273647 250639 231501 253513 247812 237179 211280 219800 238593 249725 235842 218602 230201 250827 256946 262557 245359 253039 229007 247630 236738 221643 239941 253413 251225 236118 202648 236735 248465 248083 250965 254829 247281 233637 228141 268578 273101 234195 246473 243853 229594 230034 239685 269526 242589 221197 248090 229168 245696 227399 257572 248182 221972 232453 258730 242807 225517 239463 219247 257434 220807 253837 222444 239586 236109 246672 233660 251850 257579 238486 257899 221242 219622 266828 243382 239052 244219 250481 262537 224960 249779 263541 236550 271973 240345 230107 243253 269618 219825 233929 208634 243902 233743 266400 241301 249540 225886 245626 237842 260178 
251254 228633 225057 225178 228256 222213 186441 208337 193016 216001 214386 230971 214405 214593 240378 225493 217104 239943 202023 213675 211174 213163 215551 243665 236669 207663 200016 207783 229926 230233 214532 225676 244285 218031 187505 238554 260949 230372 213737 218694 220499 216101 242578 234980 228114 208032 246754 222127 236493 224070 227459 240655 193838 209376 238227 234594 214154 233039 197759 244274 212779 231260 205637 217849 220145 222127 226091 224574 233091 235981 245335 198433 193020 222141 217285 209966 214404 240789 232623 207866 241010 243388 241611 230367 208487 223445 228914 230333 198556 206767 178715 243263 221556 248363 228291 242849 213173 219830 224629 224089 
242413 237997 239414 239047 232466 221057 185324 217289 239483 243334 201791 221291 220069 223634 251682 223054 234501 234054 224474 226716 214460 214544 227519 247364 228259 215502 185231 236781 246298 234801 238271 262456 231614 220782 212739 243600 272954 222959 223393 220906 227818 235293 238565 248129 205577 242468 233611 211527 253857 234466 236858 244175 222490 243459 242506 221907 225170 225588 222081 262616 214184 245749 233835 228574 238568 228048 237553 225204 249907 236052 241436 217823 211608 249646 232988 225341 231278 239399 227902 208251 251965 238133 219367 251487 231724 208836 237070 249503 220996 225566 190289 263001 223381 233046 245042 248865 223201 247336 251242 241550 
291251 258080 278533 261148 265379 255799 234615 248928 244020 269345 253783 249708 244231 258971 269521 263816 282044 281217 237172 279147 252732 241991 275044 280332 267061 239360 211656 254823 283976 277221 290364 270601 241405 254680 249802 287845 304869 253454 262414 244718 274147 240248 283569 267549 263469 271088 273127 236259 289130 245431 299737 269490 224732 262177 285363 282398 241628 269332 250409 285482 260501 285701 242617 239825 275373 252633 257706 257170 274952 263295 272049 244933 238075 271929 250838 258345 223018 272456 272730 251786 284276 267571 269474 277063 253003 228123 259679 284256 240541 260277 241144 284422 257780 285393 268307 288567 250560 252955 268161 264893 
273003 224959 237752 231485 226799 213657 209965 209763 218820 219879 215574 217038 208221 228011 252160 238184 236977 245913 201555 228179 220815 219523 232247 255901 238895 204910 193418 242676 248080 241158 229013 233346 231682 217647 202625 274244 271808 243661 225736 224257 221634 208673 237684 224394 224069 224413 236994 216860 235651 228625 258208 253502 202821 216885 226623 228427 234715 219033 196087 250235 215118 245563 207963 231470 224560 235387 236272 225458 236367 227455 231727 214837 189386 238206 226987 215855 217747 245551 237752 202264 237228 236562 230562 243516 221442 213842 233697 249727 223232 233015 208746 256636 220302 234940 243170 241833 223378 222515 242324 240546 
292247 265047 274625 272167 254398 263721 232844 246627 260922 241356 246991 250423 231315 278894 264799 281125 268769 265074 251692 269249 251485 237832 270008 295008 257114 245709 208251 264884 279677 268922 262197 266332 275639 253791 233551 281262 308313 256778 259305 241618 255222 257946 265698 276540 248964 268480 260719 264928 268829 250842 281788 265541 215622 250019 286092 259210 244964 267054 255047 288677 264740 271037 234077 266055 276769 253750 273732 262134 262084 255968 276149 255411 239338 274850 267324 246628 253711 258314 266350 232204 286405 261835 262854 274191 254298 250328 249594 291475 239286 263628 248087 284497 261422 287346 270119 283453 260619 255571 276416 268883 
227032 223493 215128 219741 200916 201410 185064 195762 201644 208056 209711 194790 188111 197867 219263 222631 230119 223455 200479 210871 206480 199761 221370 239579 218853 197683 177491 197148 219530 223291 227248 213287 204979 207701 194041 224055 258213 210194 204782 195629 206896 197744 218841 242332 207687 183470 223991 191623 217972 190475 218362 201933 189570 207885 220460 217588 187044 208018 188672 229770 191248 211761 195831 209213 205839 206979 208520 202554 214462 216277 219014 180187 183717 216890 211259 217074 186031 206071 227264 198465 232557 222966 208433 210647 202766 203202 230915 223606 192846 210762 185032 226201 199982 231221 203791 219458 202766 213278 210285 219616 
275246 249378 282757 276412 258269 236735 222142 262709 256946 251641 249646 251663 235987 249143 274321 273161 282047 278175 234800 276005 249335 250728 272502 274829 273157 234561 215002 249135 284114 266759 272232 272697 249525 264840 241602 287159 288927 252521 278890 231693 270019 262828 292672 279335 257322 278465 288321 256636 294730 260883 272557 281648 221050 244286 276493 258378 254360 263458 248558 286255 247797 270717 272289 264700 249793 252330 256681 260079 270121 280562 271092 263101 231793 267747 270273 263560 247714 269036 282812 239282 291815 262512 267176 273376 268219 243360 268708 275924 260828 258299 248390 292086 258447 282121 272431 269038 243681 266198 258743 266362 
277347 243792 239382 254223 255634 234079 197846 227188 212844 239370 229676 231625 223008 229790 264240 252078 244720 264296 213066 257752 244188 214823 223118 273989 244558 225761 215983 236917 253049 269143 255064 241405 235396 225492 221905 276136 255760 225361 229122 223185 242547 219087 240471 260710 223717 234786 242561 210974 254429 218893 254594 259583 200425 221020 264035 234746 213705 242959 210713 276038 217529 244484 230175 238898 239529 244072 247017 253498 256664 235818 263668 244116 220042 250317 242880 225462 229184 245317 251864 217258 249842 255511 259288 245081 242098 230043 253719 282499 223216 232504 216028 254261 226799 255475 236931 239664 238168 236418 243314 241422 
253481 236661 267149 242416 249199 220001 194453 219108 208817 237626 224032 223728 218766 230801 250100 226674 239117 247607 230568 262393 230806 222853 237536 257701 233986 234445 225318 235191 250099 264178 252112 243136 243939 232980 228178 260820 273836 231214 247852 238818 243051 225723 248338 240019 231480 242027 246438 222290 249092 226643 259960 246856 212596 230159 262525 236551 247788 239215 212766 251176 227449 258756 204717 242549 237128 239114 231085 235953 238937 247296 243089 227884 217503 230115 231968 225235 241711 251138 240305 232104 257312 242971 239102 272801 243521 213762 245883 262563 221776 243393 209016 254748 236882 248857 234976 258095 231402 238907 255925 243125 
278995 275763 273677 269710 277584 249589 223972 261770 241860 263193 261281 237179 234681 252907 273117 281071 279217 274530 235808 262780 255401 243038 252720 289259 266334 260754 228905 270905 268836 280385 285426 282759 276192 250879 241163 286443 296133 244035 258339 255639 266958 242356 262534 287949 253147 261069 249666 225467 277473 250494 300172 254634 241316 262199 269448 253903 238419 260283 237725 284665 254625 264270 240403 264358 264926 280254 264626 255545 260065 261672 276642 256143 245431 250340 263704 268629 255725 270834 278783 245993 275423 267523 266681 276454 266037 243966 267758 280391 233536 267679 221952 280362 262039 281410 254716 262739 250933 272902 264787 257524 
275185 244510 266696 263395 266164 227871 213952 232287 224428 261958 230819 236768 238482 241047 267277 260046 263543 269165 233867 259328 237813 230336 238938 276786 245820 239155 216764 246052 255088 267486 255493 257654 250001 249595 231887 273698 289045 250095 248578 249663 252044 240634 263228 254052 239830 255985 254698 242987 275050 245986 271610 274591 231739 239780 267542 257507 237824 247902 215729 268909 230270 252785 241311 239370 236396 247105 259126 251981 253155 261864 250629 241606 235338 261990 251296 222342 251363 255448 257085 220389 259210 261479 258232 263503 250166 239941 264203 266795 216145 252038 214965 260013 254508 264489 263070 266666 237539 236440 275041 259063 
274184 256584 267004 286498 273626 247114 224554 243287 246361 265851 243169 241113 238886 255221 275779 292368 271125 262072 246750 258552 241097 245338 258568 286492 266135 259339 225901 272383 281401 261653 284978 278857 272271 255394 241444 283910 307092 258487 266255 260027 263798 262092 279321 285518 261810 272648 268924 246950 274291 256610 276124 281858 234882 251747 273792 254054 252832 263945 227831 278719 253823 269471 248857 252863 252522 264522 258262 269530 260949 280127 268999 245108 232997 269928 252848 249204 257854 280842 269776 220213 280403 272602 270795 278632 252713 231954 271366 283192 246475 265728 229508 281230 259691 284134 263216 279323 247064 260779 278598 265299 
274859 249866 266959 244885 255410 232161 209288 228404 216653 254079 229967 225444 232260 238058 261971 257734 237806 266855 226397 253879 234633 233222 268717 270802 246362 221170 210766 243884 264096 249218 268417 267169 254282 240821 229482 288121 280877 253969 254721 230028 241612 222561 264358 265946 246873 240959 258226 225352 259042 230555 262083 263132 218442 242381 262507 240821 223675 254626 223567 271388 238484 274241 226641 245564 231922 245407 246907 247759 261570 250503 265544 229257 232069 264636 251507 242713 254656 259688 257403 208939 257432 257513 241947 267202 261467 221655 256096 281530 241266 235200 222088 264167 256620 256801 246705 257653 224022 247461 258543 260577 
254690 240875 238515 250249 271229 242321 214390 231499 239626 248728 244250 235915 232224 247610 263329 256070 248724 263769 234862 253091 251909 222921 253704 266318 252396 230298 221064 248836 254490 260691 261414 257529 249844 239115 215996 270024 290902 240064 245947 238894 260178 243511 263887 270764 250215 243614 249008 228192 264270 240531 255991 257457 217810 245356 252709 223164 240221 264958 230703 270786 232563 272864 238608 258025 249121 253045 256278 235387 259900 245707 261493 239861 226598 251012 243073 262033 234518 256412 257270 244939 262952 269216 249162 262157 233335 233703 262045 264732 222665 245816 230084 275489 239050 260654 244774 271034 240102 245181 255956 263656 
267860 255466 241662 240167 247585 223672 220475 226455 224911 233938 236402 235531 212727 239774 266097 259645 256452 256070 229718 243547 228099 233764 246275 268769 238312 234553 198551 229602 257108 240971 250344 251777 248162 230309 205869 260857 290172 232010 232705 233437 234258 230835 254479 250166 233645 227654 244181 219946 247323 233851 250111 245134 218140 243615 260046 236936 231915 252263 212261 253214 222494 247103 217844 238449 232653 240228 223884 247402 247086 240514 256410 225140 217247 231151 230340 234206 230998 248123 248990 212562 260932 247675 235255 251683 238265 217289 246234 260523 225096 244382 204193 256535 242110 258564 230771 247647 232487 237832 253446 249105 
262076 235929 243733 250474 242748 231450 203758 216716 229418 221958 222054 215481 225654 224469 243421 244915 254707 253445 222671 242879 224996 208741 235246 253116 234849 217138 210854 235800 238632 244823 234811 232618 233699 218767 222798 258875 261234 216935 246689 230967 236082 211912 251676 248907 236412 223887 236131 213300 260813 212936 240075 236983 195429 223052 252651 232376 221771 243042 217207 246374 228970 237469 234995 227098 236013 226520 233549 239260 243967 242405 253835 235319 211178 239525 231958 233594 217439 247878 255336 221906 248819 254293 241183 253050 233312 226341 252735 244211 212901 235712 218369 252619 214945 246815 233696 241615 218824 218799 241515 248737 
260636 247554 255599 256304 246679 230557 220723 228832 242587 242842 235828 247935 244954 247543 260656 248222 249529 261056 244246 263113 234482 239530 242102 267209 259470 226961 220167 239529 263367 268840 246911 239166 255787 226518 232963 268612 274772 235662 245926 240765 233056 243638 239200 265091 226001 241693 252997 241363 256625 233653 256918 259074 223693 222903 266667 248868 239633 250115 236354 264479 250723 258874 242933 238794 248165 253435 259319 246096 250277 249093 256475 241252 203793 251869 243481 237837 243096 253899 254456 221151 274573 256195 256233 255705 241814 233604 244960 259074 227959 249979 203821 282379 226910 249476 251320 252824 255276 237892 263881 265698 
290884 277258 280019 248284 239922 241043 224068 236819 239282 256676 245691 237006 225835 267547 271305 253267 261618 269124 245098 258313 249405 243336 256392 284103 277330 237517 215652 260334 258274 272920 252119 259917 268336 240505 233051 277079 286690 253270 234742 242104 255197 233096 257165 285682 247889 238156 266955 248337 282705 235351 277395 275028 216670 232198 268802 241272 240475 251845 244949 277707 243034 256986 218447 256210 266367 246835 270713 250135 256733 256764 269824 223533 229315 272026 266532 249631 262218 258932 264433 231027 262482 275011 246489 266368 243383 251319 274002 282659 235322 253781 221503 273930 252379 270107 256498 263637 253652 268344 271851 265049 
298708 263545 283127 257332 281705 254225 241424 244571 266901 259280 252173 268047 251492 265220 279190 290286 261249 276962 247658 282732 255522 251554 274972 274341 265756 239183 232804 251809 279368 273513 271121 283405 265009 264212 227672 301367 295551 270306 280481 249125 255264 256130 272713 269689 265097 273137 275393 258984 286693 259912 274502 282379 229457 255894 270863 258958 263230 271157 243095 279046 253296 283455 244959 253504 255516 269875 251367 259614 278471 267716 278574 252315 228112 284396 274805 249713 270224 273730 268758 227789 281631 276268 273202 286926 273110 251338 272907 280629 235125 267937 223716 296395 274775 294531 262698 279392 240789 272907 290141 276237 
277701 250199 268612 251452 254709 244097 217558 237872 231190 255844 229594 238887 240616 227002 269128 267608 259716 269135 223237 252828 231121 232447 251755 272222 248612 236246 211657 251827 250769 263436 261345 270956 259897 254787 229206 274020 284473 257004 257981 245200 253792 228419 276169 288482 271914 255865 271802 251711 289100 252052 270275 264643 229752 244601 262148 248116 256935 251277 220612 268947 265676 267547 251483 237480 235001 255268 260404 261893 257932 269753 274615 231873 229969 265730 245764 256307 244732 269490 255137 216153 261242 278764 258931 273893 247587 245906 261345 259760 235745 242594 216954 270194 250440 290727 257796 266315 222465 247924 267745 246874 
279016 267272 268868 269550 256531 252982 220520 243557 248871 257853 240235 252246 251639 256199 280055 275997 275069 276896 242756 272868 241626 247524 263094 288696 267888 247444 215584 260528 282185 283440 266172 274089 273861 264861 232515 290353 306566 263175 265792 248123 261866 252525 272318 276146 262084 261528 275757 244231 278829 258532 279225 267075 225930 257165 281110 265906 245753 279006 226670 281335 256161 267067 235119 242633 267056 260160 270962 259887 264839 269658 279251 238761 233107 279728 264857 253743 258714 274763 262082 230846 286295 264109 274299 266127 255441 238572 269001 276561 234989 262090 225484 295617 256669 279128 266061 277270 241577 265811 279965 271561 
