2 100 24675
2 200 189116
2 300 599142
2 400 1478214
2 500 1846973
2 1000 17850916
2 1500 60329728
2 2000 176462894
4 100 10550
4 200 115536
4 300 345082
4 400 804984
4 500 1619890
4 1000 10489407
4 1500 34573322
4 2000 109709580
6 100 10226
6 200 81777
6 300 293564
6 400 571101
6 500 1049135
6 1000 6098067
6 1500 24055280
6 2000 71429558
8 100 12344
8 200 79203
8 300 240109
8 400 489902
8 500 914101
8 1000 5804700
8 1500 17754860
8 2000 49991061
10 100 12381
10 200 61409
10 300 201102
10 400 380850
10 500 707183
10 1000 4484809
10 1500 13235873
10 2000 40729004
