98 2 15 35 7 52 29 40 29 55 71 50 95 70 31 47 13 79 2 7 35 44 97 81 56 97 60 90 89 52 84 22 95 79 13 9 50 89 88 65 74 52 64 46 89 87 56 74 71 64 52 35 23 66 32 89 59 10 50 64 49 79 98 65 23 69 96 92 32 51 73 78 20 51 85 76 38 86 76 92 15 19 55 98 78 61 93 10 66 5 3 28 36 96 60 8 53 45 33 11 
62 70 48 13 26 92 61 16 32 44 49 93 86 51 91 50 37 81 53 92 90 38 76 34 20 53 46 78 63 41 15 74 72 49 89 1 58 47 81 59 88 48 7 74 96 86 37 58 52 17 59 20 47 20 56 50 90 71 13 34 95 13 66 9 5 68 49 38 14 3 60 79 2 59 61 25 57 76 92 38 34 2 35 36 20 24 56 93 21 84 60 70 98 9 2 20 3 16 96 55 
63 12 10 69 62 76 31 71 84 31 56 90 77 12 53 53 67 9 18 93 11 28 31 45 24 31 36 35 48 85 68 46 81 47 3 1 71 76 85 5 98 48 21 62 63 25 30 20 42 28 13 99 74 82 82 79 93 10 7 22 17 42 91 6 7 4 76 32 90 75 36 49 55 53 8 83 25 32 25 75 42 88 38 40 80 99 14 64 64 64 16 5 6 64 28 95 23 70 88 64 
63 60 39 25 15 94 64 99 19 59 78 64 63 90 55 62 15 39 74 88 30 70 26 88 27 66 60 37 43 58 99 19 90 64 62 19 6 75 1 71 52 43 38 93 40 57 83 27 56 33 51 3 87 27 93 56 47 37 73 92 88 35 26 31 87 54 54 53 60 59 56 43 18 95 0 4 75 71 6 77 30 25 48 29 39 27 37 43 88 9 37 81 10 62 84 86 94 11 2 46 
44 98 96 44 63 32 36 36 10 33 68 38 51 29 9 19 86 52 7 67 56 85 96 26 37 54 13 83 66 87 78 13 99 69 82 44 88 77 98 60 86 9 42 53 21 34 62 55 36 71 42 94 12 77 73 16 60 20 50 6 16 73 26 40 97 40 36 37 13 31 83 82 19 51 28 10 93 3 8 54 64 19 46 6 68 38 36 72 48 24 25 50 40 69 75 42 86 2 76 93 
10 65 31 37 89 66 52 49 43 5 30 65 83 78 84 33 23 92 33 44 66 89 1 33 22 16 60 35 9 4 13 38 6 60 60 93 83 59 8 25 95 87 84 2 77 92 83 89 99 42 21 86 52 91 27 82 66 30 30 63 88 85 56 7 46 68 68 18 23 18 79 76 96 99 43 11 98 66 31 1 66 61 35 80 46 4 89 9 95 30 44 74 41 10 72 52 98 52 62 44 
3 58 46 22 15 97 22 70 34 56 8 49 17 29 91 76 94 17 30 42 86 81 6 80 93 30 57 76 46 13 62 40 48 19 47 97 37 18 81 93 76 45 59 56 64 37 14 89 74 53 55 89 67 18 32 90 36 58 4 97 62 26 1 0 94 98 21 50 67 34 93 87 53 74 91 68 6 45 6 98 3 50 62 11 22 50 83 14 33 62 31 82 38 76 54 89 72 15 97 17 
0 24 4 28 65 70 37 40 29 26 86 17 69 40 81 46 87 65 66 93 54 69 21 79 85 50 10 3 24 13 1 78 47 45 81 92 12 26 24 48 3 88 43 93 92 16 68 51 49 50 29 4 97 60 47 21 68 81 31 3 88 29 20 66 71 56 25 18 66 50 76 45 53 50 83 34 68 22 73 67 54 73 69 49 71 78 15 86 39 40 31 47 9 55 34 59 29 62 22 12 
98 45 77 37 23 37 25 84 24 97 11 80 92 7 25 38 52 84 88 3 2 40 98 65 35 38 56 87 89 39 67 14 90 71 40 77 77 48 94 51 26 34 87 28 48 0 81 37 84 69 94 52 81 1 30 80 82 86 21 60 43 70 37 58 52 46 40 1 34 24 28 11 76 88 2 93 89 36 2 20 82 78 90 26 51 46 73 47 5 32 97 72 71 79 78 81 69 75 45 62 
96 77 14 36 47 32 21 81 5 45 27 54 0 46 55 67 45 80 18 24 93 28 77 66 68 31 92 19 60 24 52 58 21 62 45 99 78 1 4 7 66 30 8 6 24 2 37 0 47 42 98 34 74 53 84 33 88 34 19 4 51 17 52 75 18 39 63 70 51 52 33 2 37 97 78 10 15 62 73 66 25 81 60 29 76 12 34 79 33 99 10 5 32 66 1 7 51 13 51 54 
44 1 94 16 30 98 76 1 97 1 98 88 35 53 60 29 67 28 7 95 60 79 65 52 69 6 12 72 35 60 73 52 42 51 26 12 45 58 90 7 37 52 40 37 89 21 35 86 15 54 44 85 12 69 24 11 24 65 60 97 76 27 38 66 1 98 34 70 38 73 52 92 69 2 24 3 14 89 95 52 59 97 76 37 55 38 44 8 33 96 85 29 92 75 97 30 77 64 85 18 
12 82 39 20 95 0 1 53 27 34 71 75 8 22 4 19 3 94 88 9 6 39 52 62 28 68 82 11 30 90 71 32 28 98 38 51 24 50 83 39 96 76 28 71 74 53 83 83 93 52 68 73 13 61 56 71 80 9 34 4 23 79 48 40 35 40 82 82 32 11 47 97 77 6 16 88 5 1 65 65 49 69 4 59 36 51 49 16 27 46 8 75 57 89 33 19 94 1 13 35 
66 35 27 43 77 25 26 6 21 3 30 45 47 44 97 29 21 24 51 73 7 32 68 87 36 68 69 55 96 17 89 71 76 67 90 9 94 4 98 38 41 22 91 92 47 46 58 6 53 17 39 62 74 95 90 36 64 57 64 57 44 95 10 47 80 39 57 75 6 60 13 94 90 75 15 84 0 54 76 46 87 26 20 91 1 34 31 14 53 20 51 82 29 84 86 17 35 74 54 41 
50 13 66 20 64 69 66 19 39 89 86 73 81 34 63 48 84 94 22 81 46 8 61 64 64 7 75 7 1 53 92 83 46 26 93 54 59 41 41 7 56 42 0 7 61 53 94 2 71 54 76 97 28 70 15 61 49 92 13 35 6 15 83 97 33 0 47 10 43 11 91 46 55 82 74 36 24 84 8 7 61 39 48 86 15 5 67 71 32 81 10 23 13 89 0 28 9 14 87 90 
51 62 0 10 68 49 77 80 6 83 86 96 76 13 70 36 99 74 63 48 20 16 92 54 96 27 6 66 16 17 21 36 24 62 13 93 6 58 24 56 7 65 46 22 22 79 22 40 68 92 46 91 3 81 94 47 89 40 97 89 59 68 34 19 7 45 1 2 6 30 72 82 70 3 95 15 92 49 61 48 85 68 85 15 59 37 65 52 33 28 30 51 54 32 52 11 77 24 32 61 
20 64 55 39 69 93 1 93 34 76 90 49 16 66 43 54 53 84 28 20 76 85 88 94 77 48 86 80 53 82 35 9 56 61 91 80 18 54 64 51 79 20 85 96 27 9 80 87 32 29 19 95 29 88 83 72 51 29 53 94 86 81 32 36 74 0 72 47 66 30 77 68 81 12 75 39 55 74 85 10 2 84 91 61 78 48 56 23 25 63 51 89 31 49 42 77 22 98 32 58 
65 90 96 42 78 29 27 64 76 32 72 67 54 43 98 62 77 27 42 34 63 9 87 97 81 31 78 52 31 83 57 87 70 26 99 84 31 51 21 49 65 44 20 54 95 95 14 10 15 9 69 5 17 72 82 18 32 71 14 29 22 18 39 16 75 21 68 18 16 33 50 48 4 93 30 79 90 83 55 50 52 43 98 56 95 91 98 48 48 60 85 29 35 43 48 20 6 80 38 20 
0 71 53 4 7 56 40 3 87 45 16 88 19 28 11 51 53 19 49 52 97 54 91 46 62 8 70 7 28 34 78 82 69 70 42 65 31 96 41 64 89 69 33 69 50 26 95 42 2 43 19 92 18 67 21 33 14 98 64 53 45 4 83 44 93 6 77 43 96 6 25 19 86 44 58 34 79 50 87 25 75 28 42 61 52 28 98 19 25 44 71 98 25 69 41 94 97 62 99 14 
61 30 9 41 84 38 20 53 47 43 93 80 56 81 28 56 75 68 2 18 13 48 42 46 43 98 4 72 25 99 23 22 24 39 4 84 48 22 58 68 62 34 44 3 49 79 65 99 71 33 10 92 15 18 37 37 76 51 53 62 41 48 10 75 83 30 86 86 90 77 56 13 4 46 68 7 78 74 87 84 88 63 93 51 59 39 32 75 41 11 27 37 96 82 31 49 39 86 56 29 
14 22 79 94 20 57 86 50 54 29 72 34 13 91 51 57 20 3 44 60 83 19 94 79 28 17 38 16 0 52 77 51 39 22 34 14 64 71 81 9 74 41 44 5 4 5 77 84 64 73 72 64 93 6 55 90 59 4 59 48 38 59 41 34 43 8 37 4 90 81 65 77 22 21 69 84 19 48 62 26 9 21 20 51 26 29 65 84 34 39 3 50 32 0 69 12 48 25 56 66 
55 71 75 92 66 82 61 61 23 25 54 54 24 97 13 58 41 99 44 95 49 59 85 92 63 55 40 32 39 57 64 99 54 16 14 12 98 16 43 55 47 27 34 92 1 51 78 79 67 53 77 69 51 40 69 43 52 63 98 90 48 59 48 35 53 81 10 76 26 50 52 50 29 7 41 44 16 11 92 80 72 87 3 36 14 97 64 72 80 85 79 34 62 64 41 70 50 89 52 35 
13 88 99 30 7 5 75 30 32 46 9 91 24 16 94 43 56 55 89 46 78 76 84 92 55 75 18 0 51 53 95 95 8 75 44 47 90 52 0 22 35 31 95 42 95 85 83 14 90 46 8 28 1 13 72 40 85 41 67 21 30 44 15 75 47 31 23 81 22 72 9 36 91 15 25 92 60 25 65 28 8 9 30 20 16 95 0 6 33 77 88 26 27 23 88 7 18 47 53 49 
87 10 85 40 57 90 24 0 64 25 92 43 93 88 74 17 20 83 14 98 31 48 90 73 60 10 19 43 96 56 57 61 69 70 77 18 45 51 55 28 23 0 84 34 83 4 40 83 53 24 96 73 67 85 64 23 44 44 3 15 11 97 39 98 55 47 59 3 46 3 98 99 53 55 86 25 28 53 72 45 51 59 50 37 76 65 42 65 62 94 1 3 41 87 52 37 70 58 37 5 
13 25 42 37 78 17 69 21 5 66 23 33 26 52 11 79 19 4 69 89 7 51 64 71 91 46 19 56 10 46 75 57 47 70 53 30 86 39 70 8 42 20 92 38 89 22 75 72 8 21 4 85 3 60 44 31 13 1 80 97 3 12 31 72 2 30 46 34 72 65 15 59 87 30 60 52 90 82 98 34 75 17 79 71 14 28 81 80 14 25 52 34 85 44 95 76 87 72 42 69 
65 26 98 26 71 21 14 68 47 67 1 35 36 27 75 69 3 84 16 92 24 25 30 77 91 57 83 47 61 72 79 87 69 83 71 10 52 89 86 40 48 2 94 26 99 64 15 66 39 79 48 28 53 53 54 29 63 88 37 76 10 43 68 9 84 15 12 61 0 37 24 57 19 38 88 38 51 11 3 9 95 59 37 97 70 35 73 62 43 0 31 39 64 9 1 49 17 95 99 13 
44 77 85 75 23 16 52 25 5 29 52 84 45 57 40 22 95 1 86 47 44 78 0 91 44 97 15 24 14 18 0 80 96 62 36 15 87 0 84 82 25 18 52 74 33 31 8 42 68 23 97 22 49 33 5 74 26 48 57 51 17 73 13 28 55 52 57 27 16 45 43 89 27 17 78 59 41 29 85 79 80 82 94 54 12 66 1 7 2 70 87 8 43 36 0 0 75 46 73 65 
78 32 18 78 83 43 7 87 51 58 80 72 44 66 6 43 87 0 8 30 19 82 42 77 80 42 81 27 94 53 19 75 49 28 56 25 80 15 1 2 20 15 92 4 60 34 8 58 68 84 38 27 78 40 69 37 79 15 2 19 73 53 43 79 4 62 33 58 31 98 31 85 37 88 21 81 48 22 89 97 81 58 0 34 64 81 64 63 38 73 77 71 56 69 38 20 93 85 89 53 
64 59 78 78 27 52 55 86 44 8 43 89 58 17 29 35 83 77 32 1 79 21 45 55 6 61 7 81 30 38 25 70 95 43 4 90 89 43 15 51 8 38 49 98 37 82 22 63 95 7 88 26 71 90 71 99 13 70 98 8 36 53 68 82 60 2 15 97 21 22 16 92 51 36 60 57 52 64 5 32 46 60 60 46 82 2 17 7 79 36 39 80 67 21 7 11 14 59 27 8 
29 5 99 9 6 35 42 88 81 32 65 75 66 31 20 33 79 33 74 3 61 46 67 73 14 54 92 98 35 46 2 25 15 63 35 46 21 38 6 89 34 9 83 5 76 57 89 27 8 88 91 91 39 57 65 31 43 57 5 96 13 72 14 58 24 65 24 68 4 26 72 50 55 48 37 16 48 45 26 0 11 59 50 92 9 36 94 62 84 26 86 75 1 81 47 41 67 62 90 17 
43 83 9 97 34 52 62 54 38 48 72 56 33 97 90 40 54 88 61 74 38 44 1 89 98 28 63 80 26 67 90 54 49 36 28 20 86 23 94 46 26 58 14 63 94 7 47 88 48 29 14 8 13 56 48 37 94 42 72 10 87 52 39 92 19 54 17 9 70 10 57 99 7 70 12 57 14 24 18 5 77 10 17 2 49 94 54 70 95 23 57 63 71 8 49 17 37 76 12 19 
79 63 44 39 3 25 10 39 81 1 30 37 54 95 43 93 57 49 4 54 94 82 51 74 70 19 93 7 7 51 26 70 9 18 71 73 80 34 61 75 54 17 99 50 75 85 11 86 87 1 45 4 75 67 61 9 12 95 70 16 85 71 14 82 60 98 48 57 99 54 96 62 98 45 10 27 87 92 49 15 21 91 53 84 2 3 7 67 61 33 44 18 79 95 49 39 35 56 49 63 
67 76 55 65 77 77 38 27 64 63 66 50 80 47 1 6 31 90 53 76 16 24 4 32 20 95 74 61 72 0 77 11 50 69 95 82 95 32 87 32 92 23 49 89 23 88 51 66 65 95 12 0 82 46 69 61 89 84 81 96 13 61 93 37 30 77 47 39 24 50 58 1 80 72 94 34 76 59 66 40 2 35 3 68 35 71 19 91 22 46 42 60 71 95 23 25 76 47 87 67 
71 65 41 78 24 13 10 15 69 95 67 88 84 25 27 6 83 60 62 57 75 72 70 1 93 47 86 79 12 36 72 90 49 34 63 55 39 26 84 30 4 85 72 18 11 30 59 39 6 65 67 75 55 63 92 0 33 57 27 79 14 75 33 67 6 4 37 40 95 32 48 74 15 81 56 23 5 50 87 27 19 61 65 9 60 58 12 67 9 84 92 57 78 69 50 24 26 45 9 89 
78 23 47 11 74 54 27 41 69 56 15 95 12 80 49 43 68 6 79 47 83 13 48 30 51 29 43 84 65 53 54 42 97 2 99 33 27 68 54 61 62 68 52 29 71 84 6 74 48 95 20 85 13 20 95 60 2 8 81 3 78 13 36 87 12 10 7 0 85 44 64 88 29 40 89 55 57 14 84 44 88 20 40 23 96 72 26 25 87 65 11 1 95 69 56 92 39 62 12 4 
63 94 81 8 70 69 94 59 97 81 27 50 95 50 89 3 67 89 28 19 14 69 22 34 78 88 1 14 77 83 72 37 14 53 58 23 1 94 80 27 25 43 72 4 31 96 29 64 64 56 85 20 79 60 48 87 28 26 24 83 48 68 54 55 26 14 74 20 61 57 37 46 75 88 54 63 6 74 99 45 25 41 74 87 93 53 40 10 48 33 39 53 90 91 70 47 90 93 5 94 
8 78 68 32 52 93 33 69 57 78 52 88 27 75 34 27 93 37 51 56 12 47 56 54 32 93 77 67 36 97 88 67 52 50 54 68 32 58 98 48 4 70 15 60 18 11 65 66 99 7 19 73 62 96 43 4 86 28 42 68 94 58 86 34 58 4 53 40 91 42 0 2 51 90 96 65 46 56 95 75 51 68 27 46 11 69 98 97 51 56 45 39 65 65 91 75 74 86 68 59 
45 26 51 25 57 87 47 39 62 79 17 42 77 63 31 17 75 77 83 83 81 44 47 94 53 98 59 54 39 37 16 73 9 17 60 16 71 45 33 82 60 39 46 71 57 45 4 4 6 86 49 89 14 65 79 19 66 24 71 15 43 15 20 62 40 12 58 99 57 27 61 94 94 49 63 14 22 6 61 18 60 89 49 91 11 3 25 29 48 72 38 86 28 84 88 71 26 62 45 5 
35 33 84 75 61 17 43 75 61 45 94 34 96 68 90 84 48 8 78 39 78 25 33 43 91 80 0 42 95 16 77 88 9 41 1 54 93 70 86 70 46 34 43 98 8 31 12 42 92 15 5 63 73 60 87 78 80 78 17 20 43 6 75 47 39 32 88 29 25 97 92 0 69 54 25 85 94 74 16 92 61 58 90 48 53 9 28 31 66 62 14 45 69 91 18 66 68 97 97 29 
95 41 18 11 41 61 0 3 22 51 96 38 93 14 94 6 74 27 80 27 71 93 71 26 78 24 19 74 61 34 97 15 9 39 19 36 32 51 74 92 98 41 42 5 13 34 19 45 64 62 28 4 69 67 85 1 43 8 77 85 70 47 63 13 48 14 43 88 56 22 65 24 29 14 6 95 65 79 84 45 82 84 83 16 89 59 95 76 69 44 92 28 99 49 51 85 24 83 67 29 
86 89 68 71 58 94 67 97 13 12 14 78 29 54 85 65 47 82 53 89 39 51 92 15 40 92 94 85 52 54 26 37 82 66 92 69 66 67 65 11 8 74 83 88 74 27 39 73 43 55 56 10 0 42 66 7 68 3 71 7 58 90 56 70 87 45 19 90 69 38 68 26 20 44 74 47 54 76 72 38 0 75 11 74 3 89 61 78 80 83 70 6 60 79 18 74 99 92 15 66 
23 42 77 72 7 11 51 59 80 36 76 46 24 41 2 49 5 15 89 21 28 39 27 69 87 67 99 72 68 76 20 34 47 32 79 67 78 71 19 65 27 29 39 96 9 66 62 34 62 40 91 77 48 88 87 86 3 23 83 72 67 80 88 56 39 55 98 41 97 91 97 99 78 39 74 36 4 98 97 31 70 5 66 69 96 18 42 8 72 6 82 93 52 89 50 1 57 13 47 76 
11 48 13 99 50 3 93 94 9 60 30 35 61 42 42 32 16 92 26 87 29 2 37 77 99 66 47 66 70 2 69 3 26 25 12 31 99 17 62 86 75 52 58 10 66 6 12 92 35 46 53 75 84 83 16 11 39 9 0 46 46 39 0 97 64 47 77 97 13 0 51 72 12 44 23 20 90 78 59 16 2 61 82 20 43 82 81 95 90 62 10 36 56 0 76 56 66 77 72 95 
87 65 51 96 78 81 48 26 41 62 31 56 89 53 49 7 51 23 58 18 18 42 53 66 78 16 22 55 28 88 74 91 19 43 18 86 86 86 97 22 63 53 0 80 16 81 35 14 56 49 98 78 16 5 47 27 22 12 94 18 97 28 70 48 39 63 37 14 68 17 83 65 68 67 39 4 90 46 67 22 45 32 49 92 24 46 30 46 69 67 42 89 11 80 24 30 20 37 83 40 
12 74 93 51 39 49 43 28 9 87 82 43 72 2 52 92 5 74 45 81 71 86 44 88 24 41 81 97 34 40 97 37 21 66 96 1 29 99 5 32 19 85 94 58 27 72 46 59 77 64 81 55 16 33 7 91 9 10 60 45 56 0 13 59 88 77 34 73 94 72 79 48 89 96 1 73 39 89 27 23 38 69 5 56 27 23 31 50 62 64 29 66 0 75 61 12 94 62 65 21 
94 17 48 20 39 15 71 66 4 51 24 30 13 17 97 8 65 0 81 70 63 50 32 52 48 6 65 14 32 50 25 99 57 5 21 44 76 10 22 12 57 46 24 6 74 7 13 63 62 33 80 69 79 25 58 95 17 32 7 3 93 12 92 29 83 33 36 97 62 27 16 18 68 59 75 97 84 47 90 74 18 46 13 16 32 88 74 83 31 42 5 29 44 61 24 62 71 53 92 37 
43 79 60 22 43 58 90 93 25 86 39 27 1 86 94 96 60 8 92 40 82 55 99 26 76 80 24 82 94 8 85 6 52 97 3 31 27 6 72 4 63 12 53 3 87 58 65 71 24 97 69 87 61 45 23 9 34 98 73 73 28 99 4 62 77 7 76 81 64 88 25 53 19 88 34 55 15 26 30 95 72 74 8 10 38 8 11 10 50 79 94 82 17 85 0 79 58 17 51 76 
6 83 74 80 33 19 32 97 2 77 19 95 35 0 54 62 43 69 22 77 72 30 91 27 40 46 49 75 86 8 17 84 37 56 78 37 1 81 3 43 28 87 26 18 67 38 97 28 49 72 9 38 40 68 80 87 51 24 96 92 74 0 32 5 80 99 21 32 66 92 53 71 13 57 38 26 38 33 7 91 95 52 55 5 73 12 22 75 68 13 71 81 55 20 11 7 60 27 83 81 
97 79 96 63 13 15 72 30 77 64 67 66 27 6 4 38 84 59 52 1 16 69 9 10 14 36 3 54 73 12 5 20 15 40 28 61 51 8 71 90 28 20 34 71 23 50 92 49 1 12 87 42 55 69 31 63 58 26 6 78 51 51 22 1 90 48 51 43 24 77 7 82 23 65 79 17 69 58 56 94 8 48 22 10 81 49 91 76 78 3 31 43 61 32 99 56 14 18 83 84 
96 17 80 62 13 34 50 51 15 65 55 81 41 50 61 46 93 68 36 29 17 94 98 78 9 30 94 2 69 71 19 92 3 85 19 6 3 72 8 19 85 25 45 35 19 80 88 88 96 6 11 86 8 93 40 9 69 82 61 33 85 2 64 7 81 93 47 34 85 62 56 64 73 87 79 26 56 99 0 45 94 9 82 63 35 40 68 98 86 47 16 98 15 80 37 69 37 8 81 18 
3 97 78 62 73 86 68 75 42 81 0 22 99 70 52 20 70 48 34 3 72 6 1 94 31 48 98 14 85 22 36 78 21 76 34 57 19 50 52 55 62 42 76 90 87 80 10 70 37 69 43 50 47 35 54 64 89 91 55 82 3 56 16 19 91 72 65 90 45 1 0 81 15 33 89 84 73 49 82 39 11 30 2 62 94 29 75 99 37 65 61 73 8 14 25 55 80 32 86 99 
24 13 43 56 91 51 81 42 11 81 15 4 25 64 3 62 74 77 90 13 70 37 79 23 20 63 28 24 49 77 94 89 63 86 73 98 96 96 71 63 55 37 53 90 28 46 47 72 11 58 89 93 74 44 49 1 62 24 48 72 6 3 95 0 8 77 75 38 59 79 20 15 30 1 5 3 89 25 12 79 69 41 23 14 19 33 60 37 27 45 73 33 47 77 75 69 73 1 96 24 
60 48 42 29 64 80 2 1 99 24 25 35 48 85 5 66 62 57 7 65 80 92 52 53 55 44 30 62 75 32 48 87 99 28 52 71 52 39 40 87 69 72 51 28 16 43 38 88 46 11 66 47 51 96 92 30 68 51 66 17 70 95 99 73 64 51 19 4 0 69 43 16 90 73 72 6 12 86 94 32 69 96 26 49 76 75 33 7 40 91 5 0 14 12 50 77 26 20 50 93 
74 83 64 26 83 38 47 53 45 83 33 34 13 56 86 97 61 2 71 80 80 63 11 77 35 95 28 44 15 16 33 28 83 84 15 0 80 52 45 85 95 54 48 14 15 70 86 21 48 44 71 24 84 36 90 79 28 44 54 32 73 90 68 6 3 1 70 74 5 74 80 50 10 46 90 73 99 30 19 80 83 58 52 33 68 26 32 69 94 82 11 50 68 71 0 19 81 18 67 96 
33 5 46 61 74 28 8 93 73 2 16 66 44 91 99 46 99 84 68 13 37 93 11 22 54 27 16 28 67 78 1 34 58 16 15 96 74 63 76 71 65 19 53 2 20 48 23 55 98 39 75 38 29 50 58 57 34 97 16 19 47 82 1 68 62 24 33 68 3 36 32 91 58 32 23 82 62 88 96 33 41 90 72 36 14 17 57 5 35 65 81 85 10 17 17 62 78 49 62 86 
89 54 8 82 21 55 24 25 96 0 54 98 56 14 95 3 35 81 35 75 34 53 66 47 16 68 67 60 30 86 42 93 28 18 95 22 42 84 3 55 16 60 26 23 23 58 52 63 9 19 48 20 31 58 39 60 93 70 95 27 89 71 19 64 88 83 16 73 97 52 17 25 51 99 3 92 10 15 36 40 56 2 49 7 78 19 13 75 72 88 4 69 85 82 59 73 4 67 54 78 
46 67 0 53 37 10 37 10 68 12 78 59 64 87 53 55 10 77 79 14 59 74 62 15 28 36 34 91 86 3 18 96 4 44 67 24 42 8 9 23 74 22 91 6 25 93 32 30 21 87 5 60 20 71 61 74 55 24 26 57 76 89 82 69 4 4 42 90 73 30 94 33 20 57 97 70 98 93 59 83 85 75 40 29 0 79 58 0 18 12 33 77 19 45 14 20 3 78 62 68 
8 75 28 54 54 0 66 40 17 51 28 77 3 5 74 36 43 91 72 35 57 4 62 86 98 46 40 21 70 3 74 72 57 60 76 52 39 80 78 66 48 90 70 26 23 54 14 99 96 55 79 66 63 81 98 20 67 61 86 96 4 90 70 16 37 65 97 38 97 96 23 34 96 54 34 61 16 34 37 29 77 10 55 32 17 99 72 11 48 46 67 13 48 88 55 78 0 57 47 39 
66 89 71 58 69 49 38 26 72 68 73 39 40 21 1 51 52 81 24 27 66 84 32 92 37 92 44 40 69 93 7 37 39 6 2 92 42 32 93 81 1 53 57 75 74 8 13 94 85 99 42 0 17 79 87 69 56 68 97 12 70 92 88 23 96 4 10 14 97 58 36 3 32 89 73 46 7 46 17 77 23 95 59 95 33 96 70 60 13 53 87 36 29 91 62 5 33 79 29 74 
84 65 1 18 81 54 50 28 2 7 31 0 57 50 14 74 14 55 77 33 32 97 61 23 79 89 97 75 1 66 78 83 88 21 82 31 83 35 91 98 93 48 70 79 98 23 63 34 31 99 99 37 60 20 83 13 88 39 86 73 41 10 14 53 33 15 3 66 96 86 13 94 14 21 43 46 79 44 39 36 61 97 92 34 95 85 57 46 60 20 20 55 77 94 44 96 10 27 14 64 
94 76 46 25 6 65 52 45 84 85 53 6 80 77 68 5 23 61 68 62 2 69 84 25 53 79 48 20 85 28 61 11 38 8 96 96 45 77 99 9 49 23 57 38 36 18 40 47 81 56 79 65 92 78 56 4 33 96 22 33 20 47 52 77 44 98 15 10 43 81 76 80 34 14 88 22 13 28 11 2 29 89 31 91 44 30 11 26 69 18 39 79 20 67 21 80 80 32 29 70 
47 19 38 19 46 49 89 16 30 4 13 32 10 84 7 12 75 34 18 44 28 92 82 62 21 33 66 90 33 40 84 46 79 30 33 3 18 29 84 43 45 70 75 12 90 39 71 28 4 53 7 27 3 7 48 23 67 44 11 90 13 54 63 5 57 8 73 22 35 29 6 91 84 69 52 33 19 59 99 8 89 44 37 21 70 91 7 32 33 25 10 12 78 19 63 47 74 34 99 86 
62 98 2 79 44 70 28 69 34 58 76 82 88 18 60 60 93 43 13 58 36 56 77 3 77 51 27 72 89 19 10 13 94 23 96 29 56 68 15 43 27 24 1 52 66 48 92 23 19 44 30 6 29 76 87 29 42 41 75 43 4 60 2 13 70 37 56 92 58 12 86 27 74 49 14 44 19 26 42 41 22 41 64 74 62 81 13 69 28 85 3 27 17 48 31 5 21 76 63 20 
88 77 8 73 70 68 72 60 19 3 50 92 20 59 69 0 59 25 18 83 77 25 92 17 66 28 50 24 96 83 8 62 55 28 14 85 69 89 6 90 38 55 78 71 90 29 9 47 18 17 98 83 11 2 25 74 57 71 39 92 63 11 96 32 39 89 59 15 37 97 92 0 15 16 56 54 28 56 58 46 65 92 5 62 11 7 71 94 35 6 4 40 46 19 73 79 20 71 95 63 
31 48 19 81 31 7 71 33 50 88 38 63 69 76 60 94 45 30 72 1 11 17 51 20 16 40 66 51 50 11 38 14 27 5 53 25 67 43 8 48 23 44 80 61 98 49 38 72 97 7 87 56 71 47 75 96 7 13 12 25 16 72 29 30 88 73 73 55 40 94 78 91 68 17 61 0 60 52 11 0 6 47 45 81 65 28 68 84 29 55 93 79 11 3 39 60 96 31 0 65 
5 88 21 34 61 42 36 8 31 49 84 35 65 30 28 34 18 86 87 49 51 18 72 59 96 47 32 37 53 64 4 42 21 14 37 65 62 28 37 45 22 27 16 47 19 47 91 1 22 66 11 65 29 65 17 71 32 5 69 35 80 0 28 42 47 12 23 52 87 22 8 3 83 31 31 58 65 95 2 72 37 75 85 65 2 32 81 25 58 33 37 52 85 38 65 18 12 49 38 52 
68 17 74 74 0 96 50 2 22 77 73 33 98 75 79 89 32 65 58 27 73 78 52 62 63 18 81 20 20 18 98 95 92 8 66 46 26 83 84 97 29 38 97 2 38 18 96 34 97 9 55 51 52 44 27 27 64 57 90 37 39 98 52 35 68 0 65 75 20 39 9 10 41 29 10 98 30 81 25 38 66 95 21 36 72 29 65 86 86 11 52 85 8 30 75 70 88 5 25 50 
80 73 94 56 71 79 90 37 48 32 59 27 91 16 54 50 13 82 66 31 50 75 2 13 5 9 3 82 64 74 85 57 32 17 6 69 15 52 31 35 36 62 83 71 80 83 93 65 23 82 94 34 64 86 20 3 8 88 1 1 63 0 54 82 81 26 1 60 25 23 68 40 44 88 73 28 56 6 27 81 89 63 38 14 56 87 66 37 34 79 96 41 7 18 26 43 63 45 67 61 
37 5 18 32 86 13 71 69 68 5 15 34 32 81 17 13 69 99 45 25 35 49 40 97 98 33 35 90 86 77 89 48 6 21 40 23 20 2 11 46 49 10 1 24 81 53 44 15 40 46 4 49 98 90 86 13 97 96 64 73 93 51 74 49 77 0 70 93 32 42 56 26 80 54 5 47 94 51 26 54 22 27 71 20 85 52 41 16 16 60 2 6 98 82 63 40 46 77 60 18 
18 46 67 63 4 48 24 3 71 70 31 15 85 15 50 45 22 40 45 80 87 89 23 4 51 47 55 82 29 65 3 6 8 46 27 56 12 73 69 57 14 98 59 98 89 25 58 2 74 53 66 32 61 86 7 79 37 77 10 13 62 79 70 70 1 37 84 53 47 88 92 67 61 81 67 51 16 78 90 66 77 45 97 76 43 28 80 43 48 29 52 22 32 12 45 12 0 68 14 87 
42 55 94 30 86 84 42 39 60 1 87 41 34 60 29 37 57 66 16 7 76 51 66 86 17 96 93 42 78 78 54 68 81 46 18 75 67 2 0 40 11 99 96 3 87 67 47 17 83 25 94 13 48 46 31 87 11 70 49 30 43 0 71 29 36 42 52 24 16 49 50 20 71 47 49 88 78 94 29 5 49 4 79 73 65 75 19 31 95 15 1 82 42 21 90 46 63 27 65 71 
87 33 63 53 32 62 18 0 24 24 17 69 75 44 73 57 63 57 67 4 4 50 78 32 89 54 65 48 73 28 32 39 99 51 39 69 40 36 56 75 5 29 79 94 96 24 62 74 46 69 6 40 28 72 87 18 38 3 82 41 95 46 45 83 7 59 39 7 57 32 58 50 45 11 45 14 69 33 10 28 22 10 92 90 5 49 80 7 74 59 17 86 50 88 37 93 72 68 86 94 
37 59 69 55 64 24 9 47 6 99 20 60 70 5 46 85 65 87 22 99 25 6 8 56 3 71 55 56 58 79 28 36 82 60 71 59 21 12 23 87 67 57 12 36 4 2 82 7 86 41 19 26 83 89 57 74 13 82 23 24 97 55 46 24 49 56 30 95 81 48 1 20 71 16 82 61 42 4 43 87 4 65 62 20 48 4 28 79 23 86 41 17 24 77 79 94 81 42 58 89 
44 91 21 5 20 27 39 4 5 44 66 5 5 24 80 77 19 7 75 57 60 87 26 19 81 89 95 34 12 19 37 43 10 27 19 21 36 47 2 95 17 37 85 21 27 57 83 93 33 12 84 47 9 28 1 46 74 54 90 80 88 31 37 15 19 29 61 30 96 75 99 4 37 64 91 79 68 9 58 64 98 22 2 65 38 30 3 46 48 28 57 52 46 57 34 3 78 31 9 43 
60 48 10 94 30 92 41 7 70 67 73 50 58 67 70 47 35 48 79 68 86 92 79 82 42 21 46 30 68 57 50 16 44 14 52 29 97 78 17 46 65 92 37 11 93 63 91 41 75 51 57 58 74 82 72 54 88 57 11 24 69 86 37 93 83 92 93 4 72 5 65 54 43 84 73 4 50 87 29 15 88 78 5 61 99 25 45 33 76 66 4 41 65 91 44 62 66 75 7 49 
96 46 57 68 7 50 82 87 51 39 44 49 20 78 76 58 52 74 1 33 89 63 82 40 12 0 14 95 1 98 16 59 76 65 28 81 48 74 6 18 86 10 21 7 8 39 93 55 26 4 37 20 64 98 12 75 33 96 80 48 48 38 55 58 30 49 6 27 47 77 39 83 44 45 11 33 4 88 64 66 21 80 15 68 21 31 74 70 90 91 40 26 55 42 33 6 68 43 15 96 
0 59 81 4 24 20 23 91 15 29 6 93 68 62 21 75 4 63 24 75 45 19 49 11 90 67 4 95 11 50 76 54 27 55 42 67 24 25 95 58 71 72 46 50 73 93 7 83 37 2 31 79 99 69 27 8 4 76 6 46 15 27 31 55 99 42 16 26 10 51 93 24 82 34 56 4 42 82 47 86 71 63 42 98 55 92 55 66 74 74 15 49 4 93 27 30 6 76 38 64 
23 40 81 67 85 42 88 31 84 88 83 91 39 34 82 52 55 89 8 83 24 41 22 25 5 21 97 30 26 12 89 65 71 25 77 41 64 57 39 30 47 64 14 53 62 13 85 90 5 95 22 77 70 60 63 63 51 43 7 85 88 18 28 77 98 65 67 56 95 22 49 43 79 21 69 14 13 2 1 58 55 60 62 11 75 92 82 45 42 46 48 10 12 35 23 16 84 9 99 30 
33 47 36 1 99 92 39 29 87 77 90 6 19 28 87 64 29 36 72 57 50 11 77 1 33 11 22 62 80 96 43 37 95 88 30 8 33 36 40 34 31 27 86 12 81 68 53 98 34 33 68 17 15 73 73 2 9 33 22 27 75 23 69 28 78 7 42 28 35 34 52 49 76 7 7 90 99 72 41 24 51 98 50 75 81 93 48 41 14 66 90 55 57 9 40 39 67 69 88 62 
2 58 84 42 43 18 80 83 63 55 61 2 92 88 47 10 27 22 6 94 13 77 79 26 22 35 49 22 69 52 37 72 34 39 39 98 4 68 42 2 3 58 56 8 21 63 93 37 38 69 16 21 22 11 11 80 98 1 79 9 75 72 28 55 30 30 46 15 87 68 76 21 17 44 87 98 57 94 71 70 66 34 37 27 8 52 64 94 52 98 46 16 28 53 18 76 64 74 31 10 
35 75 78 83 6 2 52 48 73 26 6 20 67 36 94 70 29 59 86 74 86 78 58 7 29 58 37 93 42 8 80 80 50 16 53 60 73 8 74 78 25 42 72 31 69 59 1 56 59 28 72 94 74 47 88 30 62 59 63 35 9 55 45 71 46 60 19 60 28 1 37 60 57 67 84 79 31 72 8 71 27 37 94 92 25 71 99 13 31 69 20 27 45 68 64 12 0 19 71 19 
45 37 54 82 69 68 3 40 22 3 87 52 81 27 4 6 50 2 52 1 92 40 38 28 1 50 11 16 0 8 50 41 9 1 0 13 77 50 67 22 43 39 72 52 57 89 66 6 99 21 1 88 24 99 63 93 31 3 54 42 58 19 42 62 0 69 76 3 84 28 95 97 31 89 29 74 75 17 21 94 90 63 96 51 56 79 86 48 25 44 83 97 5 49 74 19 6 4 12 22 
47 23 48 38 97 53 81 97 42 79 21 37 44 57 17 47 73 55 40 80 8 87 56 75 26 6 58 10 50 63 2 48 78 63 0 83 84 54 49 91 19 84 28 3 53 19 66 82 76 44 72 41 12 68 25 15 25 33 11 68 26 58 98 51 5 83 70 69 7 72 80 3 22 83 20 24 45 24 13 82 56 33 38 87 69 46 64 41 26 87 32 94 28 24 14 9 43 60 18 97 
83 16 50 29 51 34 48 64 52 37 86 50 24 87 75 34 14 6 51 57 5 60 29 50 89 57 60 52 98 77 89 37 68 46 64 49 89 98 81 87 5 81 75 73 7 42 61 2 21 88 85 83 25 55 23 34 13 42 7 27 24 91 34 55 18 49 52 59 14 18 89 89 77 69 66 57 54 9 91 39 64 59 63 55 72 12 81 72 71 87 56 26 30 1 17 50 92 70 77 67 
84 35 67 66 8 5 6 85 69 73 98 93 56 39 75 93 12 48 11 62 5 91 66 92 12 12 47 21 24 40 60 69 44 40 8 10 42 84 68 57 40 61 32 48 45 9 43 29 70 87 70 27 93 43 57 19 18 36 10 98 76 88 51 5 62 23 26 81 91 58 55 93 42 38 52 48 14 73 79 15 54 92 89 63 84 58 50 14 15 28 41 44 89 94 93 68 90 20 76 72 
38 68 99 89 69 11 30 74 89 58 58 16 27 68 80 58 62 41 87 33 60 13 13 55 99 65 94 28 99 72 58 5 4 82 92 93 71 61 47 36 24 49 84 10 7 94 99 4 83 20 42 17 61 94 16 23 17 97 55 42 82 95 85 38 78 23 87 37 13 44 30 12 80 90 21 30 24 55 15 57 34 14 51 52 78 12 49 76 89 79 71 15 52 12 12 25 17 40 67 33 
19 87 51 76 57 44 98 21 71 78 39 37 12 31 41 75 27 82 57 6 97 55 66 33 70 52 7 88 20 36 9 42 60 26 95 6 19 35 2 77 20 96 96 64 82 40 4 6 72 29 95 37 58 60 25 98 59 86 51 13 50 40 83 6 34 6 21 73 5 80 81 8 34 85 85 94 41 97 92 14 36 16 31 93 64 55 63 29 54 27 35 86 42 8 91 86 51 11 37 16 
88 47 48 41 27 92 22 75 28 85 86 81 92 80 9 95 71 56 20 25 46 90 91 58 1 79 25 59 12 65 28 41 44 67 73 47 65 6 31 60 82 77 93 41 32 33 54 65 74 2 33 36 48 72 71 45 71 57 75 79 37 98 20 87 21 25 59 88 5 90 81 31 46 32 85 8 72 94 33 56 39 25 1 93 88 37 64 31 60 32 59 20 34 53 92 22 67 64 31 67 
19 81 87 69 65 7 91 80 75 88 26 21 32 82 80 76 18 60 42 28 83 53 89 5 26 40 25 14 2 85 83 40 67 90 9 23 91 46 74 4 63 50 26 10 90 17 26 49 74 54 19 52 26 27 71 1 62 47 85 99 13 79 98 43 64 2 16 39 40 48 18 7 6 21 68 41 88 1 56 56 79 42 53 15 7 15 75 66 7 4 79 9 29 27 57 96 8 9 91 63 
4 6 7 35 33 48 64 64 4 27 13 25 10 53 19 29 51 8 64 99 79 76 96 76 42 37 31 35 53 10 26 38 38 3 86 47 20 20 43 93 84 46 34 64 31 22 29 2 18 80 95 52 82 73 30 64 20 4 92 76 72 78 62 7 39 12 59 19 67 1 72 43 78 67 53 1 90 94 12 46 72 35 55 25 78 47 27 38 94 81 4 20 56 28 14 80 71 96 60 7 
57 58 35 58 72 22 65 9 23 20 75 70 44 99 56 34 9 86 7 92 74 79 24 81 19 12 10 32 38 44 51 87 31 4 92 86 22 34 59 42 85 57 67 80 39 53 10 75 8 21 36 56 30 35 7 24 27 96 22 3 8 67 87 79 45 90 80 35 22 15 21 41 86 73 82 82 29 39 86 96 59 56 56 20 7 72 1 30 30 14 3 65 89 2 88 55 11 73 50 17 
35 7 94 95 20 71 62 14 90 21 83 94 34 72 59 14 89 7 83 93 2 74 80 22 92 73 99 4 93 20 95 72 24 99 54 6 36 0 90 50 34 55 61 79 21 21 75 60 56 48 24 91 31 61 94 46 98 99 27 92 75 4 54 76 26 14 2 92 1 47 63 57 9 52 9 44 99 62 50 84 63 58 88 18 99 35 64 5 91 53 9 72 60 4 79 1 13 25 69 56 
5 5 88 38 34 48 42 34 66 64 8 73 99 57 40 16 0 91 86 36 23 34 7 45 5 77 30 19 92 3 79 13 54 45 85 27 30 4 73 71 4 66 15 82 61 95 99 76 56 2 0 37 17 63 47 93 54 83 16 71 9 34 84 97 10 8 51 59 57 72 4 65 81 53 85 69 74 1 17 6 1 15 63 9 35 55 49 82 71 57 20 23 46 2 1 55 19 46 61 66 
75 23 41 70 91 44 9 49 73 42 38 62 60 51 2 17 3 11 27 59 3 76 6 13 52 44 5 19 81 14 35 44 79 26 75 60 9 72 88 42 61 64 3 48 8 69 29 59 90 27 59 19 88 23 83 75 83 24 1 1 18 77 37 25 75 36 99 54 62 73 69 0 77 75 79 84 79 38 29 97 63 86 48 8 48 23 34 11 63 61 20 29 36 6 12 5 97 98 64 23 
67 90 44 39 62 76 99 74 19 34 69 94 28 97 27 21 60 7 27 83 84 0 22 47 61 82 47 44 86 19 82 85 60 44 81 7 28 87 50 70 33 72 93 77 96 27 91 2 84 80 35 61 77 72 95 47 39 56 75 38 18 24 30 7 29 58 33 21 59 23 20 72 77 8 53 40 74 65 92 7 36 22 45 72 43 6 92 73 3 57 38 12 40 33 43 41 49 1 87 23 
71 52 21 96 27 75 86 42 47 58 82 12 51 52 89 80 50 50 20 82 72 85 94 24 70 89 17 51 50 44 51 62 19 4 98 42 11 9 68 7 31 11 42 41 50 98 11 80 38 75 24 12 20 15 43 99 58 57 80 85 78 36 6 83 60 96 86 91 12 90 21 91 81 51 7 98 9 94 32 66 19 13 98 20 69 95 95 94 29 60 85 7 2 33 79 60 58 71 17 37 
31 36 47 86 91 99 82 39 88 49 19 65 68 18 44 11 32 82 8 95 75 15 47 30 42 94 42 39 41 27 52 62 24 74 25 44 83 31 62 68 35 46 49 70 70 67 50 3 9 72 18 92 92 25 10 80 73 91 80 58 77 88 78 24 67 70 12 53 90 46 71 70 18 39 45 35 9 31 34 34 84 4 67 4 43 87 79 2 89 33 52 95 69 3 43 37 52 0 42 65 
80 37 93 79 88 60 39 53 9 67 78 86 28 87 17 82 66 20 85 89 68 4 66 53 59 76 60 24 62 78 97 0 89 83 77 81 22 14 11 12 26 26 21 61 99 9 36 12 31 33 93 15 47 95 39 4 21 34 68 92 31 93 1 75 89 57 98 74 44 13 86 0 56 50 36 74 39 61 2 45 79 62 21 6 10 7 34 20 4 98 99 35 13 76 89 4 91 90 24 40 
2 40 63 70 30 67 18 25 81 43 9 61 22 30 23 32 65 76 23 68 87 11 82 56 80 60 77 4 40 67 24 9 27 24 90 8 81 3 95 58 9 28 60 76 75 54 10 51 3 17 94 86 60 6 75 79 94 28 89 56 52 0 53 63 9 96 24 0 49 99 20 5 58 0 72 38 88 5 23 98 37 82 44 73 77 43 29 72 70 94 98 6 47 88 35 61 50 65 68 28 
74 29 7 10 86 78 67 23 47 16 97 61 36 68 48 98 63 1 89 55 71 18 18 0 80 59 50 83 11 78 70 42 31 53 3 33 35 91 88 79 45 71 60 7 14 75 91 91 14 20 65 64 86 33 76 81 9 95 11 52 36 92 23 57 2 87 45 50 2 78 12 82 74 49 73 22 79 46 71 49 62 97 92 83 19 79 77 61 64 1 89 82 25 35 94 53 37 73 99 89 
3 80 5 9 29 18 86 73 57 98 99 4 75 20 98 45 98 35 71 79 74 76 53 60 29 10 35 9 89 78 60 54 5 49 2 66 80 71 82 40 90 87 28 85 24 64 80 64 34 58 53 13 75 6 94 94 85 29 70 39 14 56 84 38 2 44 55 30 61 92 34 23 79 76 24 18 82 66 21 73 61 75 96 2 39 71 4 41 53 42 40 18 71 24 56 11 64 61 93 6 
