89 53 46 99 49 44 46 22 51 20 17 15 35 36 50 60 29 29 34 89 41 99 38 18 47 22 78 58 49 51 13 0 10 38 13 15 11 54 81 93 55 72 18 99 33 81 54 69 48 43 19 84 18 92 15 27 26 68 70 90 46 72 96 44 86 35 57 7 32 37 23 54 16 26 35 94 72 80 82 21 15 16 77 23 55 83 34 10 46 95 17 41 73 11 64 78 44 80 55 68 
54 61 86 43 2 37 19 95 92 70 94 4 60 18 0 26 19 94 84 93 91 37 4 45 14 74 63 56 86 4 77 76 35 1 0 2 48 19 22 9 91 59 23 35 84 70 40 98 32 21 32 97 85 88 10 88 76 35 19 97 78 91 25 57 57 78 4 70 64 77 21 66 15 26 16 68 22 91 46 17 0 5 90 14 52 96 79 36 81 82 67 53 25 54 59 85 54 15 83 51 
24 73 86 5 66 28 66 84 16 14 57 21 48 54 15 64 20 70 80 39 75 40 20 71 71 25 33 86 43 9 32 85 9 27 56 49 62 28 7 3 8 74 77 20 92 23 42 0 20 42 76 96 87 77 5 69 24 63 1 62 67 36 91 71 34 14 88 40 80 95 21 38 12 21 39 84 95 37 52 8 53 99 27 19 69 64 58 62 0 49 6 7 84 39 49 15 53 3 40 97 
11 8 36 35 42 99 34 88 47 95 99 6 23 85 21 72 56 17 27 30 14 90 57 88 40 6 32 48 88 18 99 92 5 52 18 12 50 45 18 27 18 6 89 44 38 42 7 99 74 26 5 85 91 83 21 92 0 34 51 7 96 74 42 9 24 51 53 76 26 51 71 83 1 85 2 40 41 91 60 28 29 84 63 40 51 47 62 89 52 55 59 54 41 75 44 20 25 72 33 74 
28 96 74 11 8 53 64 73 14 87 89 67 86 30 18 69 22 95 5 30 32 12 86 86 55 86 41 74 80 87 96 48 54 57 62 23 2 6 77 91 71 4 56 44 29 38 97 17 68 95 1 47 0 90 75 3 6 27 65 69 13 46 60 9 98 29 72 43 73 15 92 41 1 74 27 32 26 28 4 92 20 38 98 56 67 76 14 66 29 9 73 22 72 34 84 29 29 1 63 43 
55 56 34 1 24 54 22 53 64 57 91 3 84 77 40 21 98 3 4 69 69 1 52 97 20 82 9 16 18 17 91 79 41 15 74 14 35 24 92 12 20 93 19 88 30 15 96 90 77 43 52 74 2 27 18 75 10 24 86 10 75 80 76 24 75 81 96 92 96 87 17 34 91 71 95 85 35 53 65 92 8 39 82 3 76 70 80 50 82 36 43 47 42 82 31 96 21 57 60 75 
73 40 69 17 22 8 3 0 10 10 7 5 51 80 27 86 75 38 77 68 92 71 88 67 32 8 27 32 62 13 7 71 67 66 53 51 16 23 8 35 73 67 79 54 45 57 98 9 18 60 73 88 20 85 38 70 97 66 37 84 72 97 52 89 50 42 64 3 28 45 80 93 38 27 60 52 91 7 51 30 63 60 65 17 61 9 92 92 57 19 55 85 37 30 92 31 98 35 94 88 
65 9 10 74 98 15 99 21 5 33 23 72 36 81 40 17 36 83 22 2 99 24 7 85 2 8 33 70 54 70 95 72 88 24 91 45 9 83 30 3 91 56 57 87 66 92 50 27 14 21 17 62 53 61 13 82 31 98 93 43 35 27 84 6 77 74 1 40 99 6 91 20 37 27 77 95 52 88 71 35 16 41 40 41 13 97 55 23 39 45 36 84 58 77 68 18 0 82 91 22 
32 49 9 78 18 79 87 48 0 86 12 81 25 71 68 36 12 28 75 71 64 64 68 63 9 84 52 88 77 13 62 55 75 67 77 32 0 48 0 30 80 93 40 17 0 48 19 42 54 7 44 40 92 12 11 14 12 2 35 44 47 38 89 35 33 9 10 82 97 45 7 25 33 42 20 47 24 43 27 22 74 6 63 89 68 56 29 35 29 72 9 30 71 70 92 91 78 11 56 15 
78 23 13 81 7 21 7 23 2 9 35 70 50 60 91 94 20 33 28 57 90 65 98 38 61 28 71 81 90 0 56 1 98 5 64 46 82 9 21 45 90 70 0 13 60 58 84 15 95 23 30 79 60 3 19 80 85 41 71 34 13 28 81 87 99 60 86 69 10 79 10 29 64 53 85 42 53 47 90 92 99 13 34 63 11 70 47 77 59 40 47 74 98 72 59 5 43 59 19 24 
78 22 83 76 83 99 70 51 45 32 58 17 82 95 17 4 15 71 59 3 90 70 99 58 62 32 18 39 12 19 41 92 79 91 75 64 1 19 12 27 92 41 91 26 53 7 66 30 48 38 85 79 4 11 40 76 66 63 11 50 72 59 50 18 74 29 86 58 16 98 41 94 49 93 26 43 76 86 13 33 21 58 23 46 79 54 25 18 63 82 21 52 11 44 50 40 92 69 77 3 
85 96 76 8 13 64 90 4 95 19 38 73 20 8 65 54 80 28 22 2 20 92 56 38 71 74 91 72 0 67 67 93 16 48 34 21 81 55 75 30 45 28 62 6 59 91 25 73 58 36 12 50 0 22 57 20 78 28 67 17 5 2 72 74 37 94 21 86 18 90 33 19 16 73 52 24 63 0 89 22 51 91 18 81 6 60 87 23 14 55 86 14 42 82 5 1 95 15 16 21 
95 84 13 25 10 63 21 48 23 18 60 32 17 12 76 11 75 13 10 89 77 46 30 5 92 1 37 85 91 35 75 11 19 42 54 10 24 42 59 32 1 86 79 89 2 56 67 91 83 85 47 76 88 34 97 57 99 44 0 48 13 49 39 73 65 28 60 60 70 61 0 97 27 68 41 88 0 27 81 71 74 66 49 22 86 59 26 42 47 22 27 65 1 94 51 85 14 92 64 69 
79 13 92 64 2 19 38 45 27 28 93 98 27 5 96 85 33 32 38 28 87 68 36 88 83 82 39 64 14 17 57 19 41 97 57 79 98 20 27 88 25 8 12 52 64 41 93 32 71 41 28 15 8 41 18 89 70 64 8 91 85 33 27 5 26 90 1 32 23 38 54 29 80 90 68 81 35 3 43 19 1 47 72 71 39 23 46 88 32 96 37 9 15 1 58 3 59 39 36 34 
84 2 98 96 38 35 64 94 65 82 10 46 43 54 90 60 6 51 66 85 19 15 22 97 63 68 59 40 88 65 88 36 31 63 96 97 25 14 16 69 14 52 83 64 69 1 79 47 73 24 45 32 4 25 68 97 22 43 69 26 8 32 27 84 14 62 50 92 93 36 53 83 46 49 16 75 35 73 82 62 10 26 15 30 15 41 58 20 28 21 57 52 41 75 68 25 50 98 19 22 
76 53 78 77 60 67 24 94 20 25 87 34 87 71 33 25 63 16 84 6 45 59 14 91 57 38 40 71 99 28 59 9 65 88 44 25 25 87 48 86 57 90 27 24 82 24 54 82 14 81 22 95 45 0 0 97 13 75 78 98 17 32 91 26 67 9 77 32 81 51 26 61 30 40 45 26 1 48 59 82 18 37 89 59 3 13 31 43 21 7 66 50 35 81 58 94 79 21 19 7 
4 23 57 52 75 18 29 66 61 57 58 19 16 59 12 70 97 26 20 17 13 5 32 3 18 36 0 15 13 4 54 85 74 59 33 35 52 45 80 2 77 23 89 7 32 68 0 0 5 22 74 19 36 3 81 97 2 48 54 43 73 45 76 1 71 2 11 39 68 80 9 24 7 79 52 36 9 52 4 49 80 74 97 70 32 85 64 4 91 30 51 44 46 73 63 61 46 56 38 38 
24 23 72 55 69 45 5 84 49 10 88 21 74 81 18 0 87 4 78 1 29 45 79 4 74 24 98 64 56 82 94 58 0 52 6 51 60 68 42 42 98 15 92 49 42 32 96 63 46 56 93 86 91 18 95 22 15 5 46 10 25 64 84 5 36 13 54 31 8 49 42 82 29 46 5 31 46 6 83 21 73 76 31 0 27 65 78 10 86 68 82 30 49 9 43 5 52 62 40 49 
81 47 54 96 66 56 54 1 48 8 64 88 83 73 52 80 87 57 72 68 19 34 26 58 23 50 31 92 59 64 0 56 78 15 49 19 53 40 19 89 13 30 78 63 14 98 66 56 60 23 45 8 1 71 42 57 49 42 41 24 19 87 15 72 9 61 95 41 85 99 85 25 12 91 97 21 52 8 91 66 2 82 98 90 6 82 75 24 65 34 56 68 82 10 44 77 80 48 56 97 
80 9 51 71 15 32 22 92 74 66 59 72 40 79 58 94 60 80 12 85 44 61 56 12 49 17 88 88 4 32 89 40 40 53 61 89 33 20 44 19 44 81 44 76 72 81 82 44 76 84 86 33 62 84 18 88 76 2 97 87 29 94 81 68 22 20 36 70 41 12 87 26 41 97 68 41 96 81 49 48 54 23 8 64 66 91 40 48 38 31 30 51 38 38 13 34 1 73 43 41 
24 87 35 89 35 33 62 95 17 26 39 34 45 29 98 35 42 21 93 56 96 76 56 29 57 55 91 34 75 85 94 60 30 50 65 64 48 85 3 2 75 57 92 39 55 77 24 68 4 43 30 60 67 86 93 31 40 34 21 17 22 67 9 50 82 96 84 23 53 87 78 54 9 38 9 17 10 51 99 56 13 12 41 24 17 16 68 66 84 82 35 45 48 40 25 35 6 10 93 23 
78 12 55 11 37 56 85 10 55 73 78 20 25 77 41 60 98 27 17 79 17 32 23 0 7 27 21 67 92 4 54 98 39 11 42 65 37 88 12 0 22 4 97 79 4 9 6 96 56 23 93 9 6 8 43 72 71 65 86 3 73 77 93 1 67 42 32 76 62 37 7 93 95 19 69 88 81 5 9 45 14 79 91 31 25 57 11 75 38 94 54 61 49 86 62 0 20 65 56 64 
68 96 17 71 46 60 48 33 26 16 81 29 55 48 47 19 44 16 1 32 54 29 76 90 56 46 40 16 0 53 95 53 47 48 18 4 98 79 9 97 41 87 18 58 76 53 49 76 8 48 23 86 89 91 5 78 2 30 3 43 4 18 3 64 26 34 78 71 96 69 29 32 71 18 9 90 33 59 58 74 29 5 8 59 61 11 15 6 94 33 19 99 76 11 19 51 2 86 30 72 
4 97 66 17 24 0 5 31 65 74 49 81 23 33 53 26 79 26 17 56 13 76 56 15 83 93 84 31 79 23 34 87 6 37 59 70 15 50 50 67 98 9 75 1 77 62 13 7 34 79 39 42 43 3 39 2 47 63 60 25 93 94 40 12 37 2 21 70 98 39 53 40 10 84 63 66 13 52 40 74 76 23 50 78 0 81 56 90 70 30 82 48 84 34 2 59 23 82 47 30 
55 32 13 33 2 96 57 44 89 84 15 11 35 50 1 42 75 2 21 90 13 73 30 83 64 4 27 56 6 5 5 60 47 81 30 82 26 45 9 67 34 98 76 54 0 91 16 44 26 84 80 62 88 49 64 12 44 87 87 43 15 43 47 73 66 65 93 39 54 74 52 99 48 89 29 87 43 86 35 62 47 64 4 14 26 86 53 82 9 60 83 48 34 3 34 9 75 52 88 36 
78 32 61 36 30 46 70 10 56 16 75 39 71 41 94 38 13 23 81 73 11 54 10 79 31 37 69 13 8 35 98 89 73 42 57 43 86 44 90 72 19 5 64 15 66 37 77 6 87 68 6 28 42 27 57 57 93 38 72 23 67 30 96 62 8 37 6 46 58 20 77 3 63 13 72 30 36 60 77 74 5 6 66 61 26 24 6 88 33 38 36 80 93 44 88 71 99 21 18 71 
55 33 79 17 73 6 53 56 20 83 78 14 47 65 12 79 26 83 7 62 44 8 68 89 26 42 5 76 50 5 49 12 93 64 41 76 89 99 34 1 32 98 61 46 41 41 5 26 8 32 32 45 39 29 52 21 46 79 7 22 53 9 97 27 87 88 98 58 35 6 23 65 18 20 65 75 6 41 15 43 74 90 47 59 57 88 53 11 68 0 83 3 83 95 76 7 27 35 50 89 
23 20 73 52 59 26 26 47 12 45 28 68 60 34 54 70 49 14 10 65 46 41 48 96 5 92 41 39 99 94 26 79 16 36 11 30 78 11 9 68 49 42 40 74 12 96 41 96 58 42 43 14 98 97 14 58 3 47 61 13 0 75 80 19 31 62 82 68 97 68 5 84 62 60 90 33 5 67 62 4 77 81 49 58 85 16 54 63 13 6 47 84 58 50 99 48 77 12 36 64 
10 72 66 29 11 34 62 14 22 95 31 6 54 15 2 65 99 76 35 69 59 57 91 4 73 10 24 92 71 71 71 84 78 96 41 81 47 72 20 87 12 85 91 2 89 99 25 98 7 6 17 79 48 33 93 25 80 40 97 86 28 34 99 90 69 0 41 38 8 28 73 54 31 1 47 36 2 33 47 56 74 65 61 80 46 2 2 31 53 48 53 86 43 35 70 16 83 35 2 79 
48 24 40 13 3 94 30 36 0 23 46 32 73 99 50 10 99 75 77 38 66 65 89 92 99 82 86 52 28 77 57 32 76 24 49 66 87 77 0 82 8 11 41 23 42 76 96 88 44 4 19 62 64 47 59 92 33 60 23 64 43 24 33 36 88 1 12 76 81 81 13 98 42 53 0 21 26 25 43 82 37 51 11 51 31 75 22 87 1 25 67 75 10 33 86 89 31 67 82 74 
51 67 54 92 66 42 0 54 4 34 24 72 85 77 45 86 82 17 19 91 79 40 88 13 7 87 64 62 43 9 91 90 34 83 30 24 32 45 96 47 94 42 6 94 49 61 57 9 75 68 96 37 62 78 61 1 54 20 16 48 42 87 81 19 70 36 17 99 47 71 89 22 14 17 14 28 14 13 0 70 0 49 88 74 0 14 11 97 37 28 45 81 5 70 42 89 66 22 16 71 
69 68 89 5 53 17 35 2 10 89 97 7 50 32 27 28 27 5 5 56 83 64 88 86 60 66 5 92 4 62 22 81 76 27 22 82 39 19 17 32 61 86 56 34 89 84 42 48 32 75 87 34 51 72 39 99 87 59 83 20 98 68 59 46 33 9 88 75 32 34 4 11 73 72 26 89 53 29 84 95 23 91 49 84 70 51 56 40 85 35 62 65 1 7 12 5 91 21 65 38 
31 20 33 49 41 90 2 14 77 48 69 12 96 93 92 92 76 25 59 10 44 61 13 84 1 8 96 5 24 72 79 21 38 97 39 40 44 93 56 16 2 45 78 90 30 66 63 75 5 44 94 91 2 39 45 63 90 87 83 16 54 81 33 11 59 42 82 58 83 36 40 30 72 83 82 7 26 30 55 85 96 78 3 53 20 82 16 59 95 83 78 53 59 41 40 24 67 91 19 93 
78 52 51 98 99 47 45 82 40 80 2 39 27 91 90 74 78 9 29 25 82 28 80 80 69 20 91 8 41 67 33 19 0 49 29 19 99 48 99 59 44 57 86 83 76 36 85 20 75 12 28 79 85 11 45 44 68 57 58 11 63 19 68 90 79 70 24 97 24 51 1 22 34 1 99 35 92 56 82 70 65 93 38 75 41 44 29 43 94 33 21 81 47 86 1 45 57 71 70 0 
97 83 34 11 53 99 79 37 63 89 69 19 86 90 30 27 57 30 49 88 1 3 73 30 51 33 99 35 3 45 38 92 11 25 11 46 71 43 8 71 40 56 28 13 63 87 16 21 11 30 80 72 35 96 53 70 97 11 90 98 1 96 84 42 62 49 75 59 38 98 45 48 53 75 69 43 76 37 25 68 17 95 95 5 58 83 78 45 9 33 34 17 23 31 73 44 46 18 26 70 
63 4 31 75 60 54 31 53 56 71 55 51 57 34 93 12 51 73 38 63 89 3 84 92 61 67 12 63 99 53 28 11 70 76 13 30 62 88 83 99 89 59 61 16 85 79 2 1 85 17 76 69 0 76 19 39 26 27 58 95 92 97 42 31 6 35 87 88 59 98 83 89 13 10 64 74 89 85 78 29 82 9 41 33 77 37 84 54 83 44 73 1 66 87 55 28 69 76 26 21 
23 32 90 11 85 10 6 37 63 32 6 34 84 10 27 97 29 61 82 53 84 54 71 75 33 46 79 47 77 68 13 69 93 21 21 38 85 51 34 81 38 93 65 69 52 30 41 99 64 77 77 97 33 36 40 43 73 59 27 85 35 54 44 4 14 61 22 88 41 65 45 14 9 28 63 7 34 81 67 77 94 40 29 64 86 42 78 27 38 66 2 20 3 51 59 94 66 38 0 98 
4 58 41 76 81 56 33 98 34 50 37 33 34 63 95 15 22 2 99 89 11 62 36 78 24 51 79 11 1 53 59 52 80 77 77 43 58 54 74 44 71 66 56 37 37 49 22 27 70 13 90 48 53 71 26 2 64 85 31 56 71 77 28 87 91 76 78 20 47 22 10 96 87 97 80 24 24 60 90 22 14 18 88 28 57 71 91 15 73 26 91 95 0 95 98 81 14 52 86 9 
30 15 62 18 8 18 67 94 52 9 4 78 58 67 72 81 48 31 83 27 20 85 12 29 79 22 25 4 45 72 52 15 85 17 8 25 83 81 31 11 84 74 99 13 90 12 30 26 65 78 15 25 65 51 93 23 73 28 22 67 99 44 72 75 97 65 95 83 44 75 23 7 83 87 35 37 21 86 67 85 7 62 25 49 84 83 6 7 46 5 64 65 50 90 23 55 22 55 24 71 
46 32 76 14 16 35 5 1 81 93 29 74 13 23 16 83 40 18 76 79 2 6 91 80 48 96 88 25 48 74 61 81 95 23 65 92 56 35 92 9 16 8 75 75 92 62 17 67 83 96 66 65 13 7 36 71 6 94 99 80 3 99 33 93 85 61 78 5 75 55 76 12 31 19 6 37 24 35 18 17 83 68 20 95 86 71 89 82 52 25 65 55 18 97 97 68 61 65 47 45 
49 90 33 80 14 84 72 8 57 85 74 1 29 22 27 96 66 91 77 5 1 0 73 12 58 61 67 44 55 96 17 72 26 24 32 28 72 0 32 36 43 84 97 36 96 24 86 92 37 46 13 80 87 73 55 82 95 7 89 46 54 90 11 79 89 2 36 88 2 46 22 66 1 62 96 52 82 43 41 75 15 41 11 31 0 37 87 93 1 6 3 82 32 18 61 20 24 56 6 76 
85 32 95 8 24 0 42 66 33 62 17 0 56 4 42 98 13 94 90 5 84 54 7 41 11 96 80 89 53 77 61 21 87 14 74 8 72 9 68 7 87 95 44 93 15 54 10 1 54 52 99 46 91 77 35 93 72 18 23 72 69 78 17 69 64 21 99 72 45 23 96 85 98 70 72 42 22 67 8 44 71 95 23 72 71 80 7 92 11 9 26 91 67 30 50 81 90 89 55 78 
7 62 52 98 6 56 57 97 39 44 63 48 31 9 53 43 76 38 77 72 16 76 70 64 13 98 65 1 92 61 1 96 29 43 83 20 9 25 66 79 67 9 92 11 88 61 53 15 62 4 91 87 55 28 42 13 9 66 97 90 17 22 45 4 53 38 34 45 86 60 47 40 9 77 9 19 16 89 71 76 85 1 57 36 87 20 14 53 92 13 70 54 98 95 4 69 53 6 76 48 
4 18 24 32 39 53 56 38 8 2 64 83 9 31 45 67 57 10 67 68 6 4 77 51 55 13 41 31 10 68 45 17 84 58 2 36 31 1 37 50 76 87 99 86 97 62 53 11 61 30 23 42 59 98 1 87 27 15 96 26 39 99 2 28 34 53 92 34 35 40 50 85 87 4 88 7 18 15 40 18 83 21 57 55 35 43 86 84 76 82 21 54 62 36 2 33 13 46 22 76 
97 46 53 57 95 19 60 96 8 2 95 83 26 99 78 87 49 81 73 81 80 66 81 51 65 3 65 36 3 90 29 4 37 56 1 93 38 74 46 3 75 26 65 50 48 51 84 18 22 6 65 62 4 62 51 17 41 79 71 25 70 76 28 0 77 62 79 5 41 81 30 78 62 16 26 47 91 6 10 92 46 6 90 63 0 7 16 16 54 4 93 68 99 38 79 75 75 79 94 84 
84 65 69 3 51 87 86 51 84 68 40 53 45 26 40 35 8 40 74 80 0 75 34 81 30 13 55 36 29 80 54 76 98 53 34 25 24 16 10 84 79 79 35 45 19 34 36 80 20 46 35 6 15 80 59 32 23 83 71 29 33 28 24 4 69 51 41 56 34 35 93 91 76 26 98 77 31 57 89 77 11 80 55 56 70 62 58 1 90 72 23 93 24 80 66 41 35 0 82 76 
5 99 91 92 30 31 50 19 55 75 12 27 50 43 96 23 6 90 53 89 62 71 15 36 5 80 38 41 53 86 30 93 28 57 89 28 18 95 49 49 25 66 40 8 85 71 72 4 35 55 92 6 60 85 0 30 86 95 56 45 35 69 32 87 1 12 98 53 37 89 37 69 54 91 37 49 56 75 3 89 69 74 17 82 20 58 73 47 9 53 35 37 77 45 53 30 54 24 94 69 
65 62 65 85 17 73 99 62 87 43 23 4 28 55 2 95 2 37 7 55 55 39 79 89 98 88 28 66 24 15 10 62 38 65 62 31 68 58 79 76 85 69 10 72 95 93 11 71 82 82 89 94 40 25 92 18 36 81 9 99 15 59 45 34 78 95 3 13 21 14 28 97 51 50 20 16 32 45 70 21 27 59 79 29 20 78 7 90 77 74 92 69 3 56 55 36 91 87 72 30 
33 2 90 18 33 65 55 58 61 54 5 0 19 37 21 62 14 51 11 23 2 0 50 81 99 31 29 31 6 50 70 82 96 74 70 80 35 28 93 85 47 25 31 18 96 99 68 26 20 91 28 47 7 90 2 5 53 63 46 37 3 68 68 1 2 37 3 6 13 59 25 49 21 49 93 30 82 62 83 86 96 3 71 44 71 88 76 42 11 94 82 49 50 96 22 19 19 56 85 67 
10 91 88 38 89 11 66 40 55 57 10 72 11 79 15 77 36 48 49 29 66 17 10 47 67 66 28 0 10 54 5 85 56 60 61 0 21 86 50 36 10 50 2 82 1 38 0 57 20 56 4 65 37 54 92 27 25 20 99 72 16 12 81 95 33 9 68 19 27 71 41 86 98 17 58 42 1 89 58 46 0 12 41 49 22 13 58 97 53 31 54 31 41 65 96 17 42 58 81 11 
17 58 64 78 88 39 22 50 57 63 82 87 4 89 69 47 83 98 96 53 63 90 26 37 65 42 55 51 7 1 13 25 7 90 6 76 36 76 15 65 79 85 95 4 15 30 7 22 86 32 89 36 87 55 25 50 0 31 28 81 35 67 91 71 51 40 80 1 86 23 3 11 48 34 14 73 3 93 19 37 1 63 81 68 13 94 41 63 93 3 14 39 87 99 51 30 99 99 61 79 
97 85 33 80 16 15 50 50 86 67 17 54 68 0 12 58 44 16 74 30 1 27 70 5 80 11 46 15 81 56 85 95 23 73 58 28 71 23 75 7 73 22 90 0 29 39 83 95 6 37 3 9 45 94 50 11 80 23 31 32 87 50 20 46 94 8 80 79 36 11 93 1 60 34 69 3 98 99 89 13 45 12 16 90 82 17 73 69 75 64 82 95 81 82 23 42 3 82 78 21 
40 55 97 66 59 18 99 87 89 61 22 70 26 70 49 59 79 67 44 7 7 6 48 74 33 75 17 45 54 62 77 74 80 22 14 23 73 63 35 77 88 24 67 32 33 18 14 2 31 41 37 2 35 24 24 47 46 11 18 65 79 56 43 90 22 37 61 72 20 1 45 27 84 17 3 53 37 65 4 73 73 59 51 12 6 35 14 85 59 91 2 28 21 45 58 21 34 79 52 98 
42 35 73 62 0 55 6 96 31 62 87 55 78 64 14 15 21 30 7 92 81 49 10 9 85 53 14 19 94 89 29 67 32 9 12 70 34 79 13 80 24 6 9 32 54 88 83 65 32 42 94 39 60 33 74 64 91 75 46 65 8 62 96 61 2 45 61 4 48 89 18 35 46 93 64 20 13 92 41 4 46 42 19 32 12 22 24 32 79 48 34 9 57 19 83 11 19 0 68 14 
11 36 20 76 81 98 87 67 67 24 0 18 57 11 66 2 56 17 82 71 41 15 6 97 89 4 84 60 37 9 90 22 27 68 68 63 35 2 27 53 67 23 1 13 43 5 32 85 82 42 35 48 60 97 31 43 92 52 54 42 94 77 30 42 4 23 12 12 62 28 42 90 70 18 78 76 37 47 60 49 12 44 60 83 34 18 91 93 86 20 74 64 15 55 68 92 50 26 31 79 
40 37 75 90 96 65 30 75 91 42 35 91 79 63 99 81 49 9 49 58 62 59 55 86 80 97 65 19 80 96 94 44 63 64 35 97 41 75 78 26 9 65 55 9 78 28 23 88 46 79 6 45 17 74 69 52 52 99 56 70 11 7 3 64 16 90 88 87 1 80 44 65 19 33 31 32 15 95 93 73 49 7 16 68 84 96 84 86 53 30 57 59 95 91 84 13 34 62 37 37 
7 9 75 72 64 1 16 25 56 39 3 84 5 50 70 30 92 46 61 60 85 70 60 97 24 73 97 80 39 73 66 17 32 78 80 79 41 34 8 14 79 97 40 54 80 99 9 75 52 3 55 98 73 34 38 28 22 65 89 6 73 91 72 37 12 94 61 34 70 72 54 92 94 61 84 93 92 95 84 7 35 4 19 36 97 83 74 96 84 38 8 77 65 51 58 67 59 86 21 97 
55 58 38 20 82 78 80 99 78 9 55 30 84 73 32 30 85 80 61 9 43 21 26 31 63 70 44 45 17 45 17 49 20 44 65 89 58 56 99 82 98 30 66 16 48 93 2 49 88 66 6 75 3 65 80 18 35 99 95 41 2 16 71 48 40 28 10 22 12 28 5 68 63 46 34 33 43 41 29 75 44 89 93 67 0 79 32 8 36 3 14 25 65 35 66 71 48 39 97 9 
66 14 63 67 71 88 54 18 89 80 46 78 43 36 82 91 78 98 9 84 40 82 57 96 27 61 78 11 92 88 26 5 13 57 24 5 4 65 71 69 77 67 76 40 62 67 82 16 80 79 28 45 41 11 20 22 48 79 84 38 12 56 78 98 17 30 8 21 3 20 67 87 65 13 75 59 97 88 44 83 88 2 7 73 20 6 44 35 56 64 15 46 28 66 76 40 78 24 59 71 
56 74 44 5 51 55 88 49 31 4 64 90 20 6 53 31 9 28 85 99 46 48 99 38 83 80 89 15 95 56 86 59 7 22 42 85 32 89 94 8 34 2 51 7 61 87 3 99 31 5 5 46 88 21 28 33 7 2 64 43 78 69 20 41 19 65 47 25 12 30 29 79 28 71 56 68 39 67 24 5 92 76 50 4 84 61 87 5 50 78 93 40 33 60 62 17 78 79 61 20 
62 22 25 90 54 10 43 7 77 19 76 93 82 54 71 69 43 40 56 69 45 57 44 54 41 85 99 75 82 11 60 29 92 31 11 84 44 57 57 18 9 14 79 55 18 58 36 33 73 19 41 61 84 2 34 65 82 91 51 47 92 21 98 82 12 46 42 55 9 24 49 3 33 10 86 35 64 49 90 57 90 18 48 65 38 42 22 89 7 15 66 85 47 71 41 2 71 82 67 42 
55 0 19 21 18 87 72 90 39 95 20 99 73 76 72 45 73 20 45 71 6 16 53 18 45 98 68 49 21 41 33 37 0 77 76 4 72 86 14 58 49 3 94 16 79 29 74 49 67 82 85 21 69 15 15 96 68 17 36 79 49 87 44 45 21 22 74 76 2 71 74 96 52 21 57 33 28 67 72 41 57 16 36 17 57 19 84 80 50 46 44 80 45 5 36 52 78 80 16 33 
58 97 18 9 29 42 32 68 48 35 84 33 95 51 38 33 34 29 21 19 13 9 4 8 71 71 38 31 19 30 75 31 18 73 38 47 8 26 19 79 99 76 86 22 56 59 5 47 67 33 45 72 33 75 8 83 24 20 41 66 43 97 77 30 3 70 48 84 77 12 67 17 48 16 81 82 2 79 35 98 94 14 40 14 36 52 25 57 4 41 97 94 40 13 21 18 33 13 98 67 
72 77 99 69 29 7 37 75 11 32 31 57 21 8 83 7 73 55 66 50 15 49 55 29 48 45 51 20 36 85 63 31 84 9 83 85 48 62 82 39 84 41 14 98 25 13 81 58 75 4 23 47 97 85 86 73 60 73 28 54 71 27 12 26 58 63 68 16 78 13 5 68 9 71 11 24 18 78 66 22 63 33 1 26 57 76 30 40 24 51 83 41 3 39 44 83 58 75 45 10 
99 19 89 0 89 61 30 39 84 50 35 9 13 76 79 40 76 11 52 28 39 68 64 2 1 40 15 82 0 18 50 15 90 61 14 25 54 92 23 43 74 95 42 38 16 9 18 2 38 98 43 84 59 95 64 19 66 43 50 19 88 8 99 47 37 46 52 78 14 52 55 72 46 69 42 13 22 53 20 90 27 8 91 67 54 37 82 10 9 19 27 6 45 32 85 82 26 71 40 46 
70 0 65 58 90 21 12 54 61 99 35 86 99 29 13 91 17 77 34 26 73 61 61 3 48 19 79 0 14 55 42 67 6 5 10 33 35 59 94 29 54 80 22 65 45 14 52 47 96 1 45 46 37 20 53 54 93 72 30 77 29 11 80 56 94 42 17 29 49 78 23 23 41 68 54 71 62 3 80 79 86 41 54 20 50 5 5 51 64 68 32 58 98 7 8 13 94 96 98 43 
95 30 31 2 14 46 14 79 46 24 97 11 41 66 73 91 68 15 44 67 61 27 91 17 59 2 41 22 49 22 73 69 83 97 43 79 85 67 62 99 33 31 32 15 31 20 31 7 11 71 94 92 7 36 91 59 10 13 20 79 24 85 75 37 83 8 46 22 53 26 39 70 95 39 8 47 81 54 98 44 75 57 72 99 80 32 26 61 60 11 83 32 71 57 15 73 76 94 89 76 
3 60 27 64 3 14 10 47 71 93 25 78 19 40 57 9 70 50 2 93 49 97 28 78 62 49 13 35 74 1 46 35 75 45 25 53 39 85 16 0 29 36 5 85 45 17 57 24 30 6 7 25 93 58 83 59 53 13 70 49 29 37 91 13 25 64 70 73 45 67 0 76 6 24 12 73 19 39 73 98 59 54 67 96 3 39 35 36 19 46 65 73 60 67 55 69 33 41 16 97 
42 0 34 92 40 37 61 82 82 83 36 30 79 56 92 5 1 12 68 86 61 12 54 62 24 11 99 10 94 9 26 55 13 86 13 85 21 94 48 16 73 48 70 39 64 44 66 22 5 0 58 67 27 87 69 3 81 48 14 30 30 40 40 16 52 43 61 33 26 91 82 48 6 27 96 91 43 31 19 14 44 23 46 53 21 85 27 86 95 15 48 36 7 81 79 80 49 19 98 6 
51 66 46 80 27 32 61 33 28 33 29 13 10 22 99 66 67 65 16 62 98 3 14 16 18 17 42 48 34 51 8 15 11 92 37 50 21 2 41 61 19 5 47 83 66 29 45 80 4 53 70 51 26 97 19 74 6 44 1 46 41 66 32 55 12 88 29 56 44 34 72 91 72 79 74 20 50 67 40 46 66 21 39 37 50 73 63 66 1 29 81 8 70 49 42 76 40 75 8 68 
84 47 23 15 58 29 16 56 28 49 73 3 99 47 14 36 47 62 78 28 53 80 77 61 95 8 36 1 72 88 5 84 68 18 17 45 38 96 64 83 77 79 55 1 40 16 63 97 97 84 53 76 99 14 1 64 22 42 76 42 36 97 97 70 30 14 47 41 24 39 47 97 41 52 27 43 9 54 3 66 12 88 75 14 95 23 42 47 1 76 49 91 15 82 35 21 32 96 91 43 
16 48 47 91 63 52 24 45 17 93 25 92 79 78 57 90 49 34 99 1 42 89 40 56 11 96 19 69 79 43 32 44 34 23 83 55 29 88 46 39 58 41 2 87 52 13 41 68 25 20 84 50 98 18 60 93 10 67 26 74 11 64 39 82 81 41 55 14 25 28 17 5 46 45 80 28 89 78 33 33 2 60 17 18 56 27 81 74 89 94 11 31 4 55 50 14 51 18 12 57 
72 95 26 44 50 93 21 93 51 84 29 11 53 39 35 61 10 67 7 55 8 22 38 66 69 35 24 77 22 9 73 74 30 70 20 62 90 14 65 24 2 96 55 16 30 84 49 67 50 46 99 72 15 98 19 39 91 53 53 25 27 11 74 19 63 25 76 92 73 12 26 96 42 38 69 42 9 28 52 24 41 2 80 78 9 79 11 72 86 40 22 92 82 27 28 43 66 54 64 10 
61 94 34 48 42 89 51 99 18 47 75 48 19 88 38 7 80 29 81 90 10 25 78 65 58 2 26 1 45 12 54 41 0 81 28 22 7 22 11 14 4 20 34 95 84 55 18 45 98 51 73 81 23 23 97 7 48 23 4 75 34 9 6 27 23 28 61 89 18 64 23 58 68 72 53 14 11 40 63 22 92 57 12 34 84 75 79 72 29 15 42 84 78 10 6 94 18 68 92 17 
16 4 54 93 66 98 69 19 10 42 77 88 42 69 65 67 27 81 93 55 63 78 33 76 52 10 8 44 24 40 97 46 20 49 33 22 70 35 29 27 91 79 57 73 79 8 81 1 50 60 94 4 2 51 12 67 6 54 92 3 67 25 29 75 49 0 15 1 40 26 25 87 7 27 62 91 25 45 46 21 26 93 39 15 84 51 96 1 90 85 60 6 61 75 50 75 58 16 20 66 
24 24 30 78 42 23 48 69 18 85 34 41 95 15 43 0 63 65 76 26 58 96 18 73 35 53 3 75 40 78 92 37 21 21 23 43 83 59 96 87 83 11 93 15 32 55 82 51 85 22 24 86 0 78 61 40 45 60 73 76 91 94 8 82 16 16 32 28 92 82 17 68 32 77 77 54 54 28 60 80 76 25 56 93 9 72 14 58 95 3 26 42 7 23 3 53 85 50 30 44 
27 1 83 90 64 47 60 74 10 79 14 79 89 51 1 56 48 50 96 93 9 35 37 37 92 54 42 83 52 34 32 98 57 11 62 44 65 90 57 86 18 71 3 20 23 19 94 49 19 35 55 28 66 11 62 90 49 66 48 86 96 93 66 0 46 69 47 70 5 50 61 4 2 62 84 96 36 18 55 45 56 43 67 28 31 28 98 27 19 92 9 27 83 86 72 89 2 51 97 57 
77 78 43 71 56 65 39 9 70 16 13 21 32 52 69 71 56 26 56 78 82 91 73 87 31 50 67 37 28 28 61 43 57 67 19 31 75 50 50 49 86 52 39 79 91 56 92 22 77 16 92 33 50 80 17 60 45 28 14 16 73 24 85 13 77 48 17 24 90 13 89 50 32 71 85 25 77 43 97 57 18 50 7 86 7 98 80 24 17 37 86 30 82 24 11 71 20 62 10 59 
38 5 26 2 44 28 48 94 5 94 38 5 90 57 76 23 40 11 26 5 58 69 1 16 36 4 75 38 24 89 81 10 23 71 91 35 41 52 35 21 28 44 33 40 58 69 91 6 7 72 83 81 34 87 58 40 26 59 39 76 11 16 59 46 20 75 8 3 1 10 98 44 35 54 26 87 70 62 53 86 66 27 8 43 27 0 30 3 7 46 29 71 26 71 50 75 75 76 63 69 
14 47 2 26 48 40 55 23 98 50 72 51 14 12 17 63 42 83 3 74 38 45 33 53 33 92 8 34 2 86 6 17 97 11 22 35 63 45 54 35 30 56 11 21 50 86 56 96 3 93 76 47 48 91 97 72 11 84 61 89 18 14 44 75 82 93 10 35 78 34 55 94 9 10 99 48 12 34 31 84 86 89 89 24 37 80 31 23 34 2 83 10 79 88 50 91 56 90 98 22 
27 30 44 22 33 48 54 48 38 32 77 78 22 8 67 31 41 29 75 49 88 67 28 31 73 59 55 25 61 41 31 60 48 78 75 90 48 83 99 41 69 75 91 82 61 90 5 66 32 46 91 80 18 46 60 50 64 40 19 89 87 27 28 9 47 49 27 82 91 67 39 39 85 19 95 81 73 18 47 23 17 98 9 59 16 9 21 34 11 30 30 75 83 63 58 65 32 40 9 66 
18 23 52 58 66 81 12 9 79 48 81 28 77 42 16 78 33 36 97 78 51 90 73 59 13 14 27 53 21 67 24 58 36 20 0 79 0 61 19 15 22 13 44 40 24 57 97 45 71 80 87 12 84 0 91 97 97 80 93 63 61 41 68 90 43 98 55 12 6 54 94 31 0 49 44 83 46 48 30 16 16 37 36 99 54 67 24 98 6 68 92 88 71 59 1 78 49 68 63 2 
41 13 72 74 59 36 35 49 95 10 22 63 45 38 31 99 33 87 41 48 1 26 98 85 8 80 44 50 59 22 86 62 69 46 53 70 37 24 23 58 94 97 38 42 18 28 36 72 68 49 37 21 26 11 37 40 64 53 44 22 25 53 64 30 18 52 62 1 20 76 83 34 41 50 44 90 15 54 31 42 8 65 68 35 45 55 77 11 34 13 14 18 22 33 43 52 56 87 22 25 
16 90 40 29 30 35 63 25 71 41 73 1 6 2 87 92 46 93 28 13 52 25 56 19 44 69 89 67 54 0 81 88 55 74 96 63 62 80 79 48 40 17 93 73 15 53 41 10 29 38 52 1 52 41 4 47 37 46 6 78 86 63 84 48 84 78 97 20 41 96 9 12 28 21 72 47 30 70 38 59 21 42 49 93 71 36 86 80 70 23 12 95 26 3 70 47 70 55 3 21 
6 24 60 47 28 65 64 9 10 24 47 50 67 96 65 40 53 14 24 8 95 65 37 85 55 73 71 76 66 4 48 76 66 59 0 3 88 67 7 80 86 15 35 19 95 32 62 54 74 64 36 69 83 11 20 20 88 84 51 39 16 26 14 39 70 90 30 11 7 20 13 81 27 64 58 42 57 95 7 87 82 70 34 53 64 74 82 0 15 69 67 92 44 0 61 88 32 25 9 50 
71 59 72 26 37 51 4 19 57 97 17 83 28 4 24 30 48 42 18 93 54 51 2 71 97 12 91 37 68 99 89 14 18 21 22 69 56 11 58 26 50 25 82 90 65 28 76 55 68 74 4 67 98 15 37 64 76 50 22 64 72 73 23 50 9 93 43 25 95 73 95 91 13 44 77 84 85 97 53 60 76 7 92 18 11 65 79 39 33 51 46 15 35 26 17 50 56 25 93 41 
0 20 20 90 10 89 83 45 80 89 80 65 12 16 15 47 57 96 64 12 76 87 33 65 48 67 82 54 22 49 10 99 21 61 0 15 89 37 26 14 82 72 8 70 0 50 16 16 4 65 56 51 61 37 69 57 80 27 79 90 61 2 9 78 79 28 63 74 54 40 81 33 54 39 85 23 51 0 47 18 55 47 80 5 4 58 81 65 31 91 74 62 43 60 51 90 30 44 97 24 
92 21 28 43 70 74 87 56 30 31 9 86 55 11 91 4 0 77 42 64 36 6 54 94 93 42 39 79 65 89 23 67 13 12 0 17 64 48 19 81 89 47 45 42 45 16 69 94 70 63 35 58 41 9 39 22 55 5 89 21 50 68 84 29 11 23 32 93 49 62 12 62 32 27 11 16 74 11 59 37 86 28 56 19 20 24 74 2 29 16 29 92 79 9 88 44 3 63 12 9 
36 68 27 44 51 55 72 30 25 4 64 47 72 19 13 20 22 2 66 3 62 80 0 0 25 64 4 30 20 23 37 36 75 13 82 53 53 28 75 42 85 58 16 46 40 28 91 59 95 84 52 75 28 13 85 49 92 7 95 57 88 60 78 41 48 33 31 98 71 78 8 75 45 61 80 48 53 56 85 73 27 1 94 52 13 34 45 16 20 9 53 7 45 81 55 26 80 89 18 72 
21 12 40 85 98 27 7 8 97 39 40 30 41 10 18 84 98 39 86 67 56 24 30 15 20 92 0 58 27 97 13 81 7 15 50 23 72 21 49 33 74 92 38 63 31 22 12 37 43 29 62 75 14 32 43 93 25 9 54 1 85 0 18 83 85 7 94 11 3 74 19 81 77 0 13 70 91 74 22 89 99 16 69 9 44 42 0 5 96 26 4 23 50 95 97 81 30 19 8 68 
90 68 55 55 13 59 73 49 22 62 58 74 36 47 81 35 67 82 3 98 85 4 15 84 57 73 36 30 8 19 73 10 74 43 28 11 16 35 72 94 92 69 59 99 8 15 16 23 74 71 54 35 31 49 30 16 43 79 57 0 97 88 48 54 64 0 99 49 0 39 76 71 40 4 90 96 92 84 42 71 27 54 44 57 63 41 69 79 16 52 39 42 2 78 2 50 38 27 26 89 
34 85 29 38 8 98 78 36 84 93 29 77 20 30 97 25 26 0 32 1 52 85 91 92 11 44 81 43 44 3 60 32 10 98 17 57 74 44 11 17 63 54 35 72 23 92 62 15 85 85 32 75 63 98 80 66 31 23 16 81 36 32 85 28 36 41 42 19 87 53 74 78 35 20 23 52 2 56 50 83 95 64 88 91 68 66 38 96 60 55 72 45 32 76 74 6 8 19 47 48 
99 30 45 7 18 87 6 13 65 61 2 38 59 46 0 74 85 22 25 62 44 51 3 77 26 84 98 51 73 43 57 36 62 38 62 13 21 54 35 47 22 3 16 66 4 79 17 49 36 89 94 64 84 35 0 23 44 3 89 57 68 66 71 71 35 62 97 82 72 98 78 82 19 40 58 72 7 18 26 3 82 16 60 78 68 68 35 89 83 27 40 37 81 15 69 41 12 46 9 51 
19 66 11 42 70 77 84 77 0 96 95 55 82 74 0 1 3 54 93 85 78 16 38 20 20 91 39 66 23 89 22 72 61 15 27 19 29 57 44 16 3 48 37 95 6 60 52 7 19 36 1 85 99 83 99 81 81 34 86 34 69 48 24 82 20 77 89 37 49 65 20 40 19 19 11 5 52 57 18 25 26 31 31 95 52 0 36 79 43 91 89 61 85 6 28 63 2 55 46 84 
57 24 88 83 5 96 17 39 93 78 22 64 25 62 3 86 82 62 20 56 75 87 72 68 81 68 41 49 68 93 84 49 47 72 82 28 74 36 72 80 37 91 22 11 4 98 78 30 33 22 51 3 97 49 72 33 63 29 67 54 30 12 42 82 49 73 0 39 88 75 99 76 96 51 36 41 34 42 31 95 57 23 58 92 17 50 4 74 12 78 7 76 55 4 97 73 32 84 37 63 
63 84 34 43 50 43 8 76 77 75 47 17 37 66 32 11 95 65 24 37 76 91 16 94 29 68 75 4 68 17 46 30 73 11 61 93 50 70 12 87 43 17 57 64 31 75 89 64 11 47 41 4 43 3 50 3 90 13 78 93 29 7 74 51 4 14 5 6 49 65 50 25 33 63 1 68 97 97 9 71 64 88 66 85 1 38 93 81 99 55 21 90 27 83 33 55 70 86 37 26 
39 48 85 28 99 14 99 29 64 40 69 32 7 19 95 26 73 14 54 23 0 45 61 9 73 61 95 48 97 98 42 34 12 62 10 79 45 45 52 11 64 33 36 67 48 48 65 2 57 36 72 69 24 15 4 97 20 51 93 59 34 92 42 0 0 43 8 78 99 41 99 11 64 96 75 8 11 57 27 57 83 35 48 43 93 70 30 34 52 84 22 60 52 88 15 37 66 84 95 73 
68 25 96 23 70 40 76 36 43 31 9 62 19 33 77 21 41 18 33 31 93 18 70 75 41 75 9 18 83 1 47 64 53 26 76 44 56 2 61 17 42 1 48 63 3 6 47 23 29 10 19 66 3 98 90 9 7 21 18 49 56 1 1 63 6 51 14 99 99 37 46 28 26 1 30 27 10 59 78 53 33 39 35 50 77 95 93 84 79 97 16 68 58 49 88 35 63 46 35 82 
47 30 5 2 68 75 86 30 15 84 47 68 85 4 78 24 80 5 87 2 41 84 23 13 72 32 36 54 16 60 69 83 83 89 44 13 60 40 85 73 67 64 97 2 0 46 18 62 16 46 41 49 25 69 65 22 45 63 66 49 40 91 30 61 29 9 63 91 77 88 17 58 50 8 97 4 52 9 73 37 21 28 50 27 54 81 52 30 28 46 61 97 0 3 73 3 7 47 88 43 
21 82 41 22 84 79 9 47 95 16 7 21 7 51 74 87 34 87 3 68 10 72 66 20 80 39 67 67 78 46 9 60 6 63 69 97 56 34 59 41 6 95 91 86 82 4 66 25 95 96 47 74 83 93 19 96 16 80 23 72 38 11 77 84 37 42 18 52 96 84 35 88 49 15 77 37 61 70 73 92 14 28 95 79 7 19 22 11 32 50 33 70 19 65 69 70 6 8 87 49 
