232789 254335 250568 238370 235002 242959 236731 241740 216682 237870 254985 258516 244294 245304 253467 231956 226622 255731 222959 260996 247094 255360 269826 241018 248464 241273 223560 242562 263669 234476 247907 233219 239548 210932 243080 233983 243146 238020 252915 243268 223677 229191 263662 228249 250293 235055 245717 251513 242307 229017 255884 239019 235428 254354 256036 246930 241642 234503 229911 225408 242584 248597 226902 231556 253375 215959 222158 235436 227464 248505 252906 241897 247986 243922 247418 243028 238779 264119 230787 244138 238087 264105 238674 225709 236321 245316 252952 236054 257285 243299 218995 230766 202423 223112 229055 223729 252671 250012 268528 242718 
244439 245781 255016 245737 237584 248656 249252 234324 245554 239160 265400 271363 244806 269945 243242 245672 253253 252448 245726 268729 262719 266551 273699 261136 259003 258653 234817 247267 266308 225827 248943 256696 251388 226327 251915 237088 265542 219962 263601 259297 242301 238461 274051 229060 254096 237065 268964 245636 253009 230337 268264 256097 268985 280415 271818 252902 243375 275035 240075 250911 247837 277710 248947 235891 243914 217552 251865 263283 229711 260833 257265 252133 278090 253887 262200 242940 260187 286105 269557 245472 255260 273616 258184 244925 246261 248503 253514 241532 253646 249092 229572 244902 220508 242118 244171 232640 259324 255635 298198 261393 
216540 237817 244289 222667 256392 234845 231286 227018 221638 231140 233352 241389 234571 241854 227937 216017 240430 241579 204214 251471 238933 242982 236880 234722 223093 225467 203747 220106 235100 233876 232696 245081 231739 205742 212532 239136 250439 226293 246822 222291 230749 230161 241803 214359 248429 225879 232724 245175 242715 212222 236585 238224 233099 258256 248196 231726 220924 239217 206103 218059 222923 229773 244602 218165 228656 199853 230109 227219 206255 231528 248398 217028 247874 236804 252978 212692 240807 243117 232695 236055 241759 251193 230379 231251 217639 231125 237933 229579 216106 236007 201579 220966 192824 218057 211889 206865 238002 240409 277715 239101 
239452 236094 258806 224719 248628 244969 230336 224617 237325 227841 247399 255353 242211 257498 246166 230696 252684 250431 222576 255083 247147 269573 257923 252936 238544 219255 227131 224769 248043 230522 242189 248076 230368 222077 243217 233438 256013 216484 243893 235038 232667 225474 260351 211633 263187 237064 263459 234707 243975 225081 237096 239854 225326 268404 274318 223437 243052 245673 225274 229967 245735 247463 238096 238090 226544 203389 225866 229820 217671 229640 252473 233152 270379 253195 255716 216651 275449 264631 236914 228002 241092 262157 251096 236901 243590 225994 241761 234303 237792 256295 200100 217533 209021 244045 229352 223779 241469 243198 288211 244365 
247637 253785 253817 246102 231024 251511 220334 225281 237359 220108 245760 269572 248792 244412 268862 224066 238641 251279 237760 261601 247613 266580 262742 244037 266281 230865 246398 240063 253902 238294 244537 257892 238566 223725 253191 233035 248008 240705 269056 237898 221685 232412 255901 239535 267753 227588 247615 248567 251880 229099 253193 244414 236946 282502 270778 229928 239139 253998 237079 234044 252850 251130 226739 243515 238744 225465 219836 242491 238556 220974 251315 271014 256378 254138 250744 234127 228876 267212 256556 228430 244629 260817 260218 247112 243886 222196 262376 234147 247188 254163 223755 239085 224394 245908 219652 221351 248937 250164 277184 246959 
255192 268974 271318 256726 254180 259267 266780 231001 237302 244661 269438 262594 275056 265401 264472 242739 250453 279002 238809 286663 277614 281065 287527 257511 271935 249980 247043 266369 266991 242160 272720 275541 240210 228498 265974 239339 269682 239353 271688 270300 242788 255006 286825 232286 276269 256834 279093 251719 250982 232940 276930 258517 266606 298475 263652 252110 261382 271386 257947 266837 255363 256261 254735 241575 246446 230671 244135 244382 241091 255036 276466 257201 276780 274718 268457 244778 272111 305987 265301 257625 276041 276715 272709 258372 261010 254027 280288 266107 267097 264757 223821 227160 242863 245104 255134 219399 255673 262752 296113 270484 
247429 259490 272378 265633 261029 254194 250963 247062 236523 266061 266832 280707 266732 270912 257703 247717 255407 269145 243027 270208 251005 252919 294068 251665 256232 263661 248426 246945 271586 253373 277875 260719 258764 228570 265507 250294 265367 251789 274126 245428 237677 243900 265970 232915 258826 249401 279515 268686 258880 242288 258804 268737 240270 290715 294416 254089 245852 248914 256420 271954 234218 274975 250084 259386 242884 223513 254153 247865 253526 260928 261819 254437 267432 256156 272357 234958 252995 265777 250617 250836 255067 261209 260498 246428 246168 259458 269255 256712 253448 269132 241130 232014 204376 255787 240164 228511 257899 265503 287357 276784 
232289 267381 253167 234053 233729 241923 237160 227774 229746 243487 254305 258897 246318 254845 238297 239879 233240 256696 235288 257698 259148 267491 265547 240883 277057 249589 234199 252385 241860 236411 260980 254760 240777 213941 244290 236712 246892 234735 275002 263090 226057 236162 263715 238504 251596 242282 255501 261364 253083 231505 255079 256853 237340 275081 271464 253474 234791 251558 250051 246720 247990 249106 243264 247942 229741 210337 230337 239077 245311 256477 261507 248664 261147 253222 255010 241936 249657 279023 249106 251877 242613 267176 250090 251896 232717 238941 266940 237777 253308 239373 217368 245028 221126 269507 232008 224973 257055 248014 270647 265749 
222567 234477 230174 227692 229728 220364 221497 224932 205967 215091 241476 253023 217715 243691 220131 211048 219205 226698 209800 240333 238089 230438 234329 234912 238822 238640 207882 214920 217995 210155 232494 223752 208179 206190 222163 218517 232665 211467 228325 224131 210367 213319 239280 210317 235551 230390 234095 220331 242395 206919 243807 237995 236389 248511 240520 229206 216213 226493 209820 228749 223782 244581 212382 219141 211324 203586 234668 217447 213461 223030 254718 247961 236832 235119 245753 211019 220952 247595 236649 221583 228897 230910 240965 215099 220723 208248 230696 216755 225461 226311 191836 212016 212216 227173 219007 192543 241271 214962 242336 229615 
243804 259120 267204 252015 241326 240378 248489 247770 230730 245607 269557 273840 251729 264130 245704 232548 231234 272400 240810 259948 262113 267200 295450 263511 254103 256164 244535 239484 255270 235238 257152 274974 241788 218851 250294 222469 243883 236664 239445 247491 224149 235429 280758 223887 264323 250643 267963 258556 266255 233758 270427 270945 247657 296978 291594 250983 254031 239973 258318 259261 248162 261593 246696 246141 242390 209616 240765 252726 252271 252030 267357 262915 264003 249068 278216 246289 254014 275554 245975 251101 260036 273121 257007 248485 243659 244807 272545 242929 253298 254510 224683 241240 218862 258589 243947 221447 254805 246234 261811 246661 
250520 258396 266382 249159 267596 264793 242204 217363 237835 244364 259436 282575 254450 258082 246539 230136 247699 281400 234996 280501 253314 254510 271667 265124 257535 249105 245513 244662 269915 254479 280199 267550 260873 228869 270735 246722 264751 243155 260910 246415 233311 245216 268404 233225 269713 253574 271955 261090 257942 235687 262237 269177 249381 299312 274336 241524 239633 258705 244715 257366 257639 256659 266176 244733 255792 234463 249582 231171 253707 234514 260636 245219 281538 270943 271727 230308 253317 267445 246315 249015 265624 255082 248554 249828 253703 259620 252285 238302 252494 257116 221302 233718 229319 274542 255901 234864 265285 256991 291183 259238 
249500 237315 245374 231564 227382 231966 219353 226419 209185 226672 242161 273591 239406 244439 234745 210038 238626 240878 220890 230339 226581 246608 255084 257830 238398 227119 231022 218625 244848 216865 245164 251511 232039 211822 223058 222718 246610 218296 242160 232501 224217 219607 250600 214261 263179 218646 223555 239814 262607 210922 240931 230546 225311 259421 257427 226965 251645 230863 226957 230231 232396 241435 224730 216804 222596 207078 230279 230617 215716 224268 241345 237581 236988 238614 234673 238273 240280 252096 228070 226792 239262 242617 226654 221088 239119 222154 246052 211418 224631 235146 205203 230090 221064 243932 230608 211858 233950 231502 251677 222632 
231177 265848 267727 252827 237417 241006 248465 245723 238277 243795 246077 265581 262824 245995 262738 232959 242584 274438 230591 260878 273075 241323 269095 260458 247593 250117 230302 244838 260262 231295 248125 256451 213374 226047 237429 226111 249728 248297 251547 258968 224705 248584 268031 218655 259617 272377 256296 252136 262600 228039 263168 247593 252380 283283 266784 254370 247704 257999 251046 239004 253253 257163 244009 225288 236230 240127 226549 242073 228861 248141 257427 255999 251851 258081 256637 235107 259027 265782 230770 244079 247901 248446 252152 247408 250069 234314 272506 257704 269191 262281 221344 235432 217973 237800 231799 217897 230970 244539 276122 245738 
232439 236668 245172 219460 216434 226293 220060 229733 203553 232195 239072 265114 217633 249099 243146 223536 229252 247560 220899 251305 228679 258495 269808 256541 242771 233750 227684 220624 226726 231733 242515 248711 229016 214414 230854 216457 224936 232839 250263 218745 214041 223382 253073 209694 244824 217537 228337 251484 241725 220140 225386 243025 205626 260564 254170 213927 234707 222562 241841 242948 228759 249328 225613 221256 225320 201942 221236 230244 232564 228655 233053 242224 243902 224853 253699 226353 218704 242820 247542 239233 250478 261448 225057 229185 220786 230541 227759 216923 231532 227771 204382 214525 213899 252436 227683 219151 248517 250069 242240 228832 
241908 251458 251244 247575 236854 249901 233486 247151 225571 252618 248715 278834 261995 253036 248324 238894 250295 267025 233978 265911 237013 260016 271139 259839 257274 254112 251762 248041 246693 246712 260363 260340 237554 227003 259897 233395 238981 233952 261161 245352 220963 238317 270455 231835 272526 235298 258366 261337 266732 232995 254271 258693 252059 280008 278763 252070 265009 232321 246595 244592 266988 247118 236197 247874 245869 218792 231780 241846 263860 251221 262680 248368 261957 257818 269555 242354 268790 270960 244240 252813 245812 262455 258782 251424 247608 245050 267771 261739 247329 247102 211925 232484 216055 272453 241773 234526 266039 263234 267143 251279 
255592 253836 261019 238808 246407 244975 240204 237683 233340 230687 257574 267347 262343 251988 251210 226091 238886 247674 233802 274740 248212 256218 263260 246955 255764 262111 233495 250268 263280 234700 252448 260261 244916 223684 240869 238179 259074 227679 260443 251052 221613 234132 269267 240368 280994 236484 248878 241465 246515 240370 252923 259275 239941 284949 276761 236240 244865 243702 232558 242545 248977 249192 237957 247016 237074 214831 223094 252486 236353 241991 265570 261785 236732 247833 265782 236818 258600 271697 254457 245101 251320 267831 256778 245519 242781 240327 269154 239860 251219 244041 218274 223421 224394 252097 237787 224784 248411 256591 271134 261806 
218178 213709 205442 206437 214285 225390 194223 192333 206632 198866 231811 222348 212464 217365 203143 180307 211226 204889 206294 224892 228455 224456 240541 212047 219369 211998 198232 210338 216049 211060 219269 213204 204334 179703 224296 204082 221171 199040 227370 217223 200857 207006 214333 205288 214730 202888 206583 181742 199906 204705 226128 217505 211437 237248 233219 204773 203875 214829 202255 208533 210400 213149 216095 196965 187459 176549 209756 195327 211603 199304 237184 206112 217850 229536 212303 198711 222274 233680 209024 204604 220370 225381 230399 207054 227615 203463 211438 196679 206354 221657 181359 200195 196507 222370 203532 190489 199373 213024 231293 217624 
238835 231171 247930 238901 244819 239596 213897 222596 217041 215695 248544 259814 244462 238615 230377 212640 250296 234053 213757 262918 230097 245459 250909 250403 232726 233168 225945 221672 244410 232564 233215 257315 230691 208922 249343 225169 251220 222531 232400 237888 216301 222435 237864 229953 242923 232510 238462 230931 233949 208189 242720 234270 224154 263964 263546 227018 247153 230859 235194 217050 245627 228713 229308 231264 220889 223154 225945 225629 221180 238547 255587 229092 235476 255261 233463 218842 254127 241517 216391 247935 260676 241521 228915 219466 243947 220247 224023 237342 254067 244000 198025 222119 210722 250972 224273 208026 230827 245349 272904 222987 
262769 267681 283823 273578 254795 269049 262380 262239 247491 267028 283862 299778 280922 267922 275381 250616 261945 283530 251368 271765 256510 291949 301233 269609 253132 261424 252732 270181 271677 260368 282104 262095 269236 248364 260744 257748 266862 262422 283368 258100 242561 265170 273728 256638 280946 257711 290195 266048 268883 253215 284227 269076 251805 296607 283658 268979 269055 260420 258677 261637 250308 288654 247918 258681 257054 227201 259643 268352 254370 258491 286375 280071 268024 286955 267673 249927 263432 290798 247248 257753 267346 269146 274601 258087 256740 252365 279197 238648 274403 273381 238973 270091 228215 268414 252053 231485 288803 271024 282360 268662 
256450 279419 266560 264529 260941 262329 255341 265194 248324 271693 268369 288538 263473 270799 282220 252133 267852 289173 257304 264423 272934 275216 304029 274378 277180 250714 265375 249430 274578 248521 279230 276020 260887 243024 272524 249355 273888 267906 268498 256103 255239 252536 284737 244695 287685 255215 279274 279515 282518 251469 280571 277401 277782 304543 302765 259226 273470 266994 257222 263147 275159 264956 262625 258774 262277 230597 258755 257652 276483 266311 276413 278817 273814 266877 278613 255666 278060 282539 262086 257525 267503 290913 264255 261589 273252 260533 280624 257416 267167 269305 229395 261791 233993 282056 243649 250156 274480 262708 298237 267740 
238778 255262 255446 242279 244729 252635 237056 236839 232870 234756 265026 266443 263487 267745 261375 235243 248821 254242 242151 261535 246726 262988 251720 264937 257800 250223 223368 238911 248331 237658 249417 266807 237936 211873 238586 240992 253987 229792 260219 256859 220684 230342 261392 228242 250596 247426 255843 255993 261954 228752 254787 243914 246625 265189 275271 240785 249725 247893 245536 226827 256972 266895 223015 242412 236586 214721 229689 238507 231806 236540 252398 255992 255890 255900 259259 238070 262920 260699 255356 248879 251212 254351 252875 231255 231344 240676 247491 244749 258925 248616 216127 245714 224926 247638 236332 228729 252356 255509 281576 252319 
227914 244351 248651 228531 228966 226499 234973 219261 217878 225337 249443 258296 233926 232475 228607 217521 236942 250569 210348 236299 244838 243912 250321 238689 237583 227558 229882 234021 231653 230678 252113 249308 216588 206197 237784 235478 240068 231399 254980 246829 222584 227148 236014 229279 229849 228394 243883 232390 230643 219212 250153 250222 226061 256790 247433 234443 241048 246264 218212 248198 220057 222859 243260 208659 213984 209858 229508 223536 230208 236988 241863 217628 260967 250856 245525 224407 241394 247260 224735 244827 224762 249412 247037 231808 224723 221503 250079 231160 224741 235306 193135 210782 203764 249785 233166 200241 220380 232901 280940 228708 
208125 227433 247139 215663 218437 218309 212425 212522 218157 217401 217241 230670 242004 236817 240586 218939 208115 241370 223197 263427 237825 241921 225984 232158 234820 228219 212897 226583 240156 194375 229887 230606 210227 196291 228771 205391 240961 201226 251337 231681 212142 213658 246210 218789 246864 233822 220486 240116 229740 203440 239258 226115 233785 253575 248212 228270 221383 224293 210530 207010 235282 234000 221429 224363 218152 196636 216154 222290 209658 221998 251083 242772 241563 237394 249117 212445 250110 250069 224731 231783 226920 242587 232061 217468 215747 222041 226833 219080 238867 243023 197379 206779 209555 224871 203814 198476 242602 233145 254984 230993 
234034 243854 256936 232710 232651 234996 221965 229390 228214 224959 231213 262689 234722 231802 232612 206071 234136 230021 229118 244005 238224 242873 265394 242799 240001 240452 227684 226168 238944 234957 239097 243826 235795 221013 233218 210414 246558 221310 262371 229243 219074 223379 236309 228964 263709 223560 226994 222906 246304 222797 250819 233062 240958 255295 275688 227846 256405 238742 224712 226607 224474 247506 245787 215108 215147 195133 222762 220965 225204 227931 242128 235250 241127 243640 253510 232881 243567 243659 250259 234557 244167 247732 242605 238971 242987 241572 243768 226475 227749 250586 207734 211404 223829 247748 213781 202436 233433 238619 275013 242245 
233755 263165 265383 248888 259325 251410 240516 230812 222830 256641 234848 253367 248189 251342 254161 252940 231440 264367 248572 249260 256433 244443 263851 244241 247295 254180 239283 242714 245382 238929 266903 244492 246030 226133 243500 245988 260585 227885 260461 243453 227760 244347 268778 220280 269442 235508 254741 263259 260122 222112 265935 246253 248381 270952 268515 234711 245404 251118 231892 234660 240604 246577 238638 244161 243489 205065 231899 238039 229797 245851 242373 225968 244833 263577 265241 242421 265102 259157 226370 243675 241853 262503 247605 246038 245827 237209 261902 241655 245050 258004 220699 238797 210864 245514 249026 229473 245016 244853 263043 266240 
248700 243561 238226 238255 235611 232820 234543 227960 220685 238544 240089 266203 245513 250265 263348 216142 238148 237681 226615 260072 237065 256952 271769 237482 253203 243273 235712 230652 247763 225492 260372 254225 229679 222278 237133 224731 240391 235480 268762 229539 226427 227527 258098 219149 258792 237581 232714 255211 250494 235024 231020 243047 223580 250644 272991 232510 260709 230714 256960 258384 239813 256430 235382 223482 228669 213648 235215 236974 255312 248777 252407 249086 257188 243361 251856 249407 243371 258706 247304 234347 252639 248915 251473 223762 218173 231262 251872 240931 230335 241174 215242 221474 231645 252377 230131 221583 251812 250555 273366 245966 
228215 232355 244950 233471 229287 241143 230152 223111 220291 230382 249132 250528 236647 236991 228496 216960 242216 228365 221139 258848 255881 241557 259620 246594 256349 224227 210801 230782 237730 230118 251797 252196 226490 200912 221943 221415 241043 230851 266007 246056 220509 227698 247479 224539 231759 206609 235933 232554 238128 213042 249211 259352 239178 276685 259072 227618 222628 234345 221967 224944 230817 228498 234663 227678 220397 184439 229345 232263 226508 229252 247332 230419 251645 248243 236918 221553 235770 261052 238440 240508 233489 262536 250966 233737 239207 216843 251875 231923 229461 257871 201598 215947 207062 241167 237314 214172 238233 244714 266643 235448 
241670 258499 266625 255866 251855 247989 240670 252557 221389 246912 266625 257200 244364 255850 248522 239589 248242 247030 247613 263169 249120 264359 255030 253908 238037 254007 233518 240410 251753 246340 243978 235441 238681 238875 232924 231066 257520 228942 252065 241742 227409 225026 255816 230992 255776 239474 279478 238198 252764 229363 255653 238737 228392 283649 261769 245193 244839 244972 243658 243265 244138 263256 226848 237689 232084 206115 241740 251493 231439 252133 262256 261162 247351 255131 246064 245923 251880 255492 237763 252060 249946 263050 243786 230252 234596 231434 256202 253747 248143 257726 230630 236097 200335 242139 233503 206941 260163 242965 261078 262291 
265609 265737 260503 250287 240950 242693 233862 249434 239099 232366 242802 276511 242701 259359 268393 224712 249026 252330 243780 270151 252967 246536 277522 253424 259618 248683 244347 238422 267196 234798 263978 263344 247208 210455 250615 251172 270784 228299 275281 247492 232341 226004 249690 242149 262087 232543 241619 258752 247575 226448 270011 250330 248723 275635 287730 230712 246974 243940 239698 239983 249128 251803 244092 247057 243433 211922 233288 240996 252993 244434 251238 252180 249700 266968 258823 238290 250616 252576 241393 240831 231211 266852 253576 228573 241597 247505 255139 251554 254714 275095 215571 229521 234850 259182 227750 240977 236561 266314 276159 249845 
236292 265781 268292 253308 256219 239264 242834 227842 253059 247309 255199 276165 253674 256098 267857 239480 256658 272570 239291 281744 259164 260215 272915 259247 263415 265691 239970 238048 250484 240214 253341 279529 227878 229982 246424 227167 269014 219989 265264 238291 217392 240783 262725 222093 276367 249026 257875 248746 258099 229848 243685 259686 237373 284126 277566 253632 262984 265168 244417 246458 251170 258090 252657 247019 236688 213233 231763 247469 242633 258760 248387 259160 255499 269832 275703 246477 256244 263677 250228 254677 267821 262406 267583 248108 234953 246103 263196 238707 248797 249223 227489 235439 234950 256771 244530 222121 241800 259536 283852 255683 
242935 248668 261290 243440 245848 243536 234525 242378 219408 230887 258709 271730 248732 258881 259570 220679 248133 259564 239214 265191 253288 251634 279015 268537 250379 250984 246302 227389 264247 237838 265599 253975 251559 231227 255131 224080 262102 240167 253778 250013 230894 224539 250336 247394 258115 236143 246936 243660 258456 235081 255540 250736 246351 274888 287428 231897 244917 242675 254891 250392 234703 257093 242511 227835 238738 216765 237612 245875 238205 236395 261670 261111 253257 240823 237598 241164 248026 258010 247568 230816 246112 244000 254404 231902 234983 227387 247287 236792 247535 252619 207034 230618 226022 260454 230403 219013 252436 235745 285100 252296 
245019 258905 267211 257479 250152 237754 260940 244216 225160 239743 249208 268628 242293 267200 254970 236917 246854 263047 251189 278744 253822 267014 278711 260007 258333 249469 240674 256452 261722 239996 280128 269863 249728 230622 239070 231953 280094 229977 277948 245798 235597 239927 262779 229927 269644 237645 251964 265967 246261 236244 277846 263898 248888 289261 275250 228813 254448 250000 242857 265365 237095 268428 255446 243755 238264 208546 245838 261292 243327 241439 258290 259194 252205 265891 276001 237276 251495 271660 257437 255496 262899 264427 245222 234235 249644 261570 255607 245936 243915 274954 220549 223986 232560 258243 235621 215671 247066 257790 289669 262951 
251654 275238 260692 265601 271969 256693 254788 240535 239831 260968 272451 276151 267958 264769 263844 246353 266220 276439 255279 274434 282759 292016 297045 271774 274459 244291 241988 256278 267831 246510 278964 275042 243242 222470 266800 255611 273567 245446 277917 261513 242386 256414 279372 244791 279614 252932 268757 262997 266648 250229 266443 274570 244365 299550 296067 251979 281135 252589 273994 262825 266620 259955 257819 259436 237884 226281 251547 239355 266663 264293 270885 253138 279344 293323 251438 254519 283829 284085 256481 270439 289649 283872 274469 243659 257249 260034 271419 239633 259295 274487 236405 241368 245193 273208 269306 235410 254891 276742 283850 259742 
265213 263205 270476 254659 281008 263433 257328 266866 225063 264499 275764 285881 264010 277840 268491 250040 259864 282978 247171 294427 269987 272629 297847 294870 277084 253711 262375 260816 264978 253238 281465 281755 263406 236472 268618 238857 270777 259230 262028 271405 250593 250826 271941 233798 281482 247913 276235 261567 272907 249868 275693 276633 257360 300605 301683 258422 270252 241941 266550 260769 275198 262513 266453 243436 259476 228279 250098 252427 261693 257937 289315 270996 274272 277466 273478 250973 282059 279285 250843 263040 282067 282283 271470 256536 266788 262168 290766 278073 274278 275824 224591 246919 235531 273684 246703 240964 272979 260847 294749 262320 
262879 261597 246632 251782 263988 264189 250675 245228 234988 244561 263314 263128 257170 272409 278627 244181 251468 278599 236720 267938 260397 264714 282726 253821 266814 253585 251367 251624 274548 241753 263277 262197 264002 225916 267665 259149 292352 239992 267446 246867 247051 242142 272420 220253 275131 238033 254431 264495 266232 242460 280172 261952 258560 289648 271184 241348 266605 267255 235316 241492 247543 265299 253379 255143 239945 231996 250999 254453 230433 253071 274634 252914 260628 273391 266740 244243 250566 273228 244955 250488 257646 264302 247674 255655 246553 241320 274003 241387 250185 266252 214070 241592 220827 259669 236910 226397 262763 249549 286849 261545 
279562 262140 293596 268077 274804 275817 263174 270755 244933 252930 283382 293607 273875 294300 270560 249459 281414 275276 263573 289025 272175 281372 316080 273384 286619 271755 263745 274878 280751 267046 293675 281955 280604 249314 271570 264667 276815 254572 289379 263262 254650 251752 292848 253737 289128 248421 281049 271951 277391 260420 287074 289452 268280 320152 311946 241973 262259 272064 273883 266217 271710 274117 263649 269434 269366 231553 259146 261981 260946 254609 295527 279865 290489 264359 281336 252142 285452 291858 272885 268654 289687 290486 289191 265681 273860 268162 288889 261552 278411 286345 245927 247007 235507 286927 261192 259899 298622 277826 305957 260119 
252362 265360 267425 269369 257203 249761 240801 249429 237017 255110 265956 263939 259341 255275 243535 222814 262842 273839 235578 265288 259663 266114 287561 272977 248321 257401 240984 248558 270137 246707 263415 267005 243170 232458 249402 244979 278801 236203 273912 244963 235406 228480 279804 241977 255261 232058 260061 254858 250643 235474 256020 266865 246374 291968 285212 231181 269007 242807 261219 247467 241414 272945 249968 244101 250281 219079 248092 245724 248219 245388 255567 258650 260362 261447 249273 244317 251295 268682 252932 242899 253466 262227 251499 240164 247027 266116 261573 254507 249525 261075 230840 241523 227766 261572 253228 232000 257002 260129 285503 252936 
259038 269290 260844 264319 262716 272378 268671 242554 237945 274280 286348 280263 271215 278823 276180 250114 272914 270051 262471 290060 265393 281476 284305 263982 282093 276754 242998 251083 265346 256902 274953 264085 247869 230846 275232 249925 269789 254751 280915 270584 234918 257489 285305 234439 260626 255233 289405 270419 279831 251259 266035 270696 260593 294615 289881 258632 270281 266092 265186 251360 273677 272130 244959 255164 245104 224715 248820 247534 266237 271835 274943 277054 277054 270767 276912 244577 273423 285389 271284 255028 272929 270482 271789 252230 267813 253185 272901 280538 270754 276583 241688 240850 243033 261629 259806 242986 284031 256066 277663 281387 
226997 252780 243315 245522 243828 232746 240833 234195 237500 245677 250281 254204 247542 240840 267177 214003 246319 255582 255326 256547 245064 250687 259230 266713 272830 241892 250026 229695 257247 238705 253463 264165 219048 209995 235602 236056 250212 235705 253150 256527 215979 244545 265734 224517 267831 242681 262172 239386 257025 222971 255912 259125 238827 270708 271967 239428 261474 257156 234561 230974 249847 241392 241989 224573 247814 203810 239024 236743 244319 234711 258963 244815 267458 254545 253411 247932 256788 261647 236068 223317 254246 249290 256176 245094 250259 241685 250141 241865 249321 250614 206422 243929 224781 242839 225419 220162 239499 245966 278283 244647 
280202 281543 276266 274211 263041 272383 241567 244289 246755 281510 290103 281546 285632 271866 252973 246240 266082 268985 257580 254934 263126 283224 290767 265210 267913 274534 266190 247499 268271 258471 273353 269439 242422 241031 260949 243561 275713 242355 297057 253390 239549 242193 291131 249385 283710 240894 268917 270268 281461 252966 279738 267785 262526 297251 290421 255137 267599 250268 260016 264711 258719 272643 261465 251686 246180 222109 254213 258256 272654 263062 267976 263631 266582 276699 275169 255127 269185 283020 262737 258239 263446 283936 276437 268464 271191 263698 288065 274805 247686 266849 247525 256094 232591 272597 254878 239004 265449 261797 288963 273084 
241390 262105 240758 237277 235509 239767 232105 245185 231483 248407 237554 270813 252550 247478 256458 227906 245047 279615 222435 246270 245229 257341 261003 254032 239816 231562 233159 255625 247536 227443 239110 248043 246035 217177 248249 229171 261513 217059 245461 240264 248988 226419 232821 210301 262456 233800 248102 256619 239707 220968 246144 241721 242367 272142 280736 242598 254658 237229 233491 251294 251569 241485 231792 233024 247150 214700 231798 248591 238849 231801 242724 254642 250157 255500 258903 213690 258537 264536 234955 234382 233966 255901 253140 226684 247970 243953 263436 238184 242909 252566 211643 229515 221265 251578 221392 221972 245637 243889 280977 246648 
254749 277130 262611 276737 264184 255838 252440 253513 251623 275260 266467 280660 272040 266008 267708 258884 272498 286396 268595 263893 276969 283226 283302 276221 281280 275788 250243 260309 272828 256273 272347 260446 260508 246732 246557 243873 286148 248045 275024 275322 243167 247989 283342 248708 273800 264963 276888 272454 272383 244207 276825 271447 266850 308980 294790 255141 258963 266149 263465 270258 265831 279343 263233 262983 247639 229905 267555 278597 274008 269542 278256 268701 277674 268575 270770 256877 272807 268804 263913 265402 278625 286146 283370 255344 262154 263849 265533 242742 260033 282661 261194 264410 234157 277026 243932 236478 275219 275426 294515 278178 
247924 250638 259081 237168 256175 261718 236189 233683 235358 233714 263492 260028 250432 258766 255997 214562 246048 229007 263884 269231 248998 266186 261007 249385 258014 258663 233854 229941 258431 242363 261477 254258 242999 231291 248571 243319 251813 242901 270101 243107 230423 240108 259273 233017 263912 236583 268105 238394 262477 240945 261524 247639 256225 270091 284571 236501 252919 238697 243394 237703 258062 257428 245520 229577 231995 217057 233712 216467 250787 240949 260268 249648 253542 259426 259594 234683 266670 265294 251533 247238 259679 264023 267348 233973 245287 248098 257826 236549 250863 254288 226423 235167 226491 254238 229909 226074 259350 244500 278787 242761 
217760 230175 226412 223362 227161 213446 206772 219557 192572 219715 236665 232593 225482 232288 232359 214791 214940 231339 212438 231631 227298 251259 234081 226406 227695 206562 214388 225800 209704 220475 226619 230002 216638 192885 223340 211274 227345 213889 235486 219386 224699 217781 236529 198812 227190 209817 237727 233571 231195 211149 231254 234149 209662 250931 242976 213672 210911 209139 225841 210687 228989 233147 212199 215548 207816 179321 207117 223091 237919 211341 244645 243535 226391 231160 240666 212973 241636 232773 229681 223271 234109 241199 230092 202349 218584 219193 225237 219722 228016 228630 192844 217391 200082 219160 206017 200639 236099 218410 243837 224956 
240433 251226 271111 253617 259338 271887 237742 234447 238207 247159 293219 288672 258204 257215 260352 244927 260291 266060 241812 295086 261251 274155 287171 267437 282790 262584 248900 249838 259638 261951 298512 279078 262231 226200 258425 242382 261192 256578 298749 263810 235517 254662 251972 256984 268806 238240 281113 273387 260695 251484 259164 284181 245623 285591 293078 257838 267408 253311 259180 256759 263394 250757 245633 252878 251630 224145 239789 249137 269330 251670 269448 275547 274236 258042 268077 251158 256816 258455 253203 271169 280685 276706 281392 230615 262330 264375 273551 245387 263444 263943 226744 242403 227889 266905 257329 223286 268093 258253 299473 250102 
245496 261439 252936 246837 243205 240323 246101 248335 226330 245613 253622 272162 257165 256053 255874 241207 242659 275286 240455 268982 249887 269236 264849 255132 260068 254789 245338 260958 257007 245247 258035 253464 244065 227391 254339 261209 261237 236298 279205 260160 233674 246756 274971 229449 262771 239885 276581 269929 257388 242245 250485 250848 246009 281732 263497 253039 256731 250050 247036 244156 255606 270449 238595 250253 231166 218559 237448 246102 256227 245092 253961 264647 267712 267740 264524 247164 254929 278036 253938 247653 235459 253480 261042 245292 243695 250240 267876 254245 254054 260630 219363 240846 240556 256514 247819 223181 264837 258676 275852 267855 
255096 277356 260162 257590 264205 257179 263143 260728 229449 263934 264691 285808 260174 259888 274090 255185 264232 264049 264755 266420 268455 264355 269264 258283 250384 260010 232018 243879 261209 241448 276198 263552 255890 232015 232498 243598 276679 245627 277547 258677 250908 254052 264601 235890 273721 246807 260060 274042 286309 244449 272967 256356 272609 278821 305164 258196 262137 266153 241982 254047 247696 259454 253781 237968 245706 227297 253268 248796 249186 257238 265628 254487 263684 266457 267951 250047 272472 263379 246472 261896 262156 269964 265482 244665 249455 264761 264708 248127 243320 261888 243023 251871 229060 263421 243919 229957 281511 255051 292922 272931 
259060 264749 285513 261143 252339 277759 260779 249281 236825 279949 265095 277084 262923 273141 276939 248534 259697 273634 264973 296149 272749 275114 285520 280489 274064 274839 262574 241509 282411 245344 278139 266454 269663 243950 278606 244144 272812 255202 285950 269628 241310 240500 284425 254137 267907 233107 268550 279633 269629 245102 282188 277769 264526 292237 282033 267773 264488 263070 263371 270233 261713 275243 262741 244675 265498 234059 250930 259787 261615 255343 261501 255521 271569 271816 287524 266132 266241 275121 258782 261643 260433 282329 262671 251916 259781 240960 275219 267219 264374 276409 236844 253698 231068 269981 257043 271201 276949 265801 297675 266324 
235197 247811 246135 233601 238991 239693 218972 237520 222800 237978 239310 253566 234361 244609 252980 214606 242595 233124 217875 251472 248665 243222 242653 221183 246360 229730 231835 223256 244918 221073 249354 244023 236296 213160 242272 233473 242025 232409 267754 225302 219517 231579 262688 210601 242646 214995 233893 247201 244502 218319 232647 241118 239742 264664 268768 232780 235152 245709 229436 229760 222730 243564 233408 224028 223475 197172 219529 216906 239156 224614 231406 233173 243603 247747 257945 239688 239873 249101 246222 232030 231933 260823 238577 232491 238405 230829 252519 241911 231636 236617 214472 213861 211887 232084 222563 227497 240058 238415 267779 236711 
225981 245685 226995 213294 226035 224944 207996 209456 203033 221145 235111 234294 223576 226767 233808 220858 212847 231495 212307 245402 223456 231124 238613 209201 228080 236749 217160 219773 225079 223593 241447 222805 223878 201771 228980 202078 226192 208027 245783 227626 219859 205461 237816 207676 228776 208982 223567 238156 223826 205217 239170 221516 216067 232490 242633 222302 229634 229852 210894 221953 214629 216801 205349 209551 217098 191734 203278 209728 210256 226168 229258 223258 219458 217344 234498 223915 232584 227946 218844 216549 220803 238527 224764 211642 225189 212543 227634 233730 211397 233973 199723 204613 200616 225914 205769 225062 230662 226165 250112 246259 
246019 265611 262804 242291 260792 258667 250271 253754 233026 258539 264519 283178 242244 263460 250338 246489 253112 246260 251229 276471 260315 254319 289847 252088 264699 253787 230412 234817 256819 264478 264417 255467 255191 233518 250118 244997 266308 263237 270480 255537 244830 245855 256729 252579 270979 244544 257899 250695 262667 234071 284391 274207 241686 273042 278867 237757 251058 245233 242030 234630 241369 248860 255100 232774 242186 212486 248948 240591 235430 254103 279308 245975 259626 247595 272890 232347 284598 270397 254316 249765 276615 274626 259287 252964 252741 236996 264387 252557 248501 269481 232128 236671 220354 252939 233918 234059 274173 257514 294211 252418 
253190 243207 253485 235479 242567 243167 224264 236949 246773 238602 254559 271366 252463 256071 255384 214955 236074 260267 237414 245536 232862 251622 259175 249744 250963 243152 241728 241476 269471 232771 253706 236605 235130 223009 251309 225167 241070 236012 274964 253981 230892 223059 256635 228471 261030 247926 269031 251944 245619 237615 244913 233759 249212 266935 286492 241169 257438 244455 236683 254455 261918 255496 233798 234475 237880 210187 241569 234142 246112 238010 250061 260949 259003 254664 255015 230573 262323 252406 245619 242995 246353 251878 260178 236648 254665 239140 258335 236010 253940 238570 223863 231853 241219 250525 226332 219644 244858 248413 286288 242331 
218311 240563 221548 216225 224074 222876 218944 220169 203696 226476 235451 244062 236723 228005 237457 215519 233824 233501 232015 243912 235390 234049 246099 237413 242698 222004 226511 226070 219967 216672 244551 233583 223670 200281 234517 222164 242628 216991 256719 230966 219721 212987 241048 233830 253260 219578 222892 234866 226045 207269 241692 244593 220397 246578 261523 215755 229784 226308 217933 224367 209603 228103 228275 218492 216415 206963 232434 210577 229510 210886 253698 236040 248290 238967 241484 215183 246240 230157 219217 226170 234586 243252 248074 226308 219689 228259 227674 228136 208422 230192 214321 221570 202058 247654 209402 212448 237410 230708 258387 218653 
225500 233155 226541 227715 221924 235591 224900 216434 203869 211772 242442 238999 212331 230539 243753 217389 218033 230454 223758 247885 236781 235940 250088 230117 215267 227462 217890 211049 230053 212197 229052 245690 221957 206090 219541 210147 232677 223600 232521 215024 208226 218269 237238 206726 240120 209801 240794 238207 233269 213166 246715 216784 225480 252775 246880 221453 236702 233323 218946 221854 224487 234362 225339 203351 219949 209657 219206 214973 218672 237714 232645 221773 222693 235079 226881 222156 215997 233899 211544 225100 236395 248883 204459 220853 210136 223449 228542 230348 230619 224752 205687 218982 189042 229707 209822 207856 232476 235776 250539 230847 
234208 246804 251538 230826 233959 227539 232640 251955 220871 240155 231309 262146 235575 249940 249722 238470 251977 245917 218828 260692 232401 265988 260721 241793 236806 246213 233662 229557 238230 232631 237612 244986 239410 223972 245619 236279 246081 227269 256975 251943 228072 230288 263891 214828 246696 234410 251600 256633 255700 225936 239638 238244 243109 267205 273093 233411 243838 244102 240913 258828 242028 264627 227441 213605 239839 207011 219219 234101 239823 249182 245905 257044 250941 251329 258260 223111 254919 257884 240188 237427 257485 241936 252179 230180 239965 232287 262785 243214 246749 229435 212145 222867 224548 239025 241055 228399 256195 239621 268169 257927 
283773 294918 303320 282140 285533 274298 264159 279371 267152 281411 301488 303053 296083 296716 290673 259293 285865 300024 278223 286126 273415 299973 300590 303123 290006 285525 267238 269130 288429 277286 303330 296718 273669 253414 286561 266028 285147 252406 317611 281461 259653 259185 312280 255112 299915 266633 284257 294707 319258 259729 286844 279906 285114 322249 328924 269749 305145 283936 279683 269296 286430 303514 264958 268707 286082 229189 259150 271038 263043 270094 280922 289741 291947 288982 292636 291365 310390 299067 279053 274851 281107 300899 292723 270077 282943 284002 304112 291436 278541 283460 261438 261869 254494 287919 283014 272451 297635 289948 312926 284478 
269895 301428 300300 280402 283078 270184 279622 278219 259758 291107 289083 296693 268346 287988 275319 277833 283976 284200 266058 297029 288589 293267 306321 287605 286524 285248 263832 266558 274302 288869 294254 284434 288207 250392 274744 261740 292005 258343 285270 282919 259014 265884 293923 254568 297304 268532 299003 288003 285704 248841 300209 277105 278236 309610 303909 277372 279787 271982 286236 265360 281558 291528 276010 272014 276624 218377 273015 260779 282735 289450 281135 269753 293523 286984 289007 275472 289799 291348 278387 286602 298610 296586 277256 254014 286919 287964 281870 287958 290175 292160 247834 244268 250482 282540 270023 260877 299433 281359 304209 289282 
250774 250705 245347 229411 248577 252658 224260 227357 225395 231419 249323 265366 244665 238912 253164 222855 249158 243994 232864 254565 235167 259391 256006 248153 255701 253432 235412 238996 245066 238566 244510 254280 243826 212524 239267 236153 254075 236030 270363 259880 223592 230378 248150 230712 251081 229474 234591 254458 256144 225027 261647 253130 233618 271678 259537 234404 246256 251440 235847 235526 249996 256808 230767 221476 252216 217308 228433 236693 240809 235716 252014 250220 246101 261997 261855 242822 238912 256432 248266 237795 256271 260786 251738 249267 245999 236529 269361 234151 239041 245452 229928 246725 214600 262794 233157 234388 251255 249722 266148 247868 
253362 278790 269043 255661 254379 247425 248766 264028 215191 261168 272510 291430 255872 257957 274663 257569 256010 253536 250499 270456 267625 262057 298028 275325 264821 249434 260196 251057 258859 243963 279435 268541 256143 243216 252260 246457 266934 253355 266751 252051 259486 235675 276370 242194 284725 236342 273039 279135 266875 246796 263073 277013 246452 287840 300438 260679 257205 237847 264557 264995 261075 263029 240266 243234 258746 239010 252108 241014 268792 252081 271871 280798 274421 252960 261460 255805 269010 270716 245964 252618 261818 273832 273855 249316 255501 263693 288209 259603 253268 263090 246316 251580 219491 273894 255827 236356 287606 256706 290850 258804 
247544 235574 258720 231663 239197 253908 222321 222477 224964 228662 268600 264806 239239 263982 240524 229047 254558 227073 233438 254162 242137 261490 256124 248720 249674 245565 220978 233864 240914 232159 250945 236862 231694 224025 237876 214123 250470 214166 274057 248113 236979 215971 262660 211719 253039 232567 258371 257242 256519 213062 246736 247987 242408 271988 260864 231579 244852 243663 218961 241346 242442 258225 225990 229087 226701 216225 239480 235937 212522 236765 259213 253671 251734 242705 252675 235697 252368 246498 244008 257048 250497 263245 235547 233241 250718 235005 251170 243914 246775 251689 212247 230142 224571 247476 231786 213917 254634 246762 276409 236782 
256239 258052 276012 248691 246112 241083 240991 240632 233737 247837 272227 287613 247163 266119 246074 230847 257780 245215 244397 249640 251382 266137 292383 263501 250590 255438 246458 245077 251487 244410 282667 265293 252023 238014 238695 225991 256191 243345 279449 246428 224913 232186 278312 232989 261489 242127 265879 263525 266075 234238 261082 268559 236984 274630 293600 242512 260911 245354 256465 267287 242933 263719 246191 240356 237445 214170 238393 237571 246042 261903 258129 264658 258974 253406 258240 248192 259258 257176 246651 253180 266914 278458 258977 243891 232343 244587 269162 249053 238586 257947 240627 239620 222674 272404 246535 224290 259921 246968 288034 252752 
244484 256010 262051 244778 263313 240509 233722 246199 218932 245020 245692 263029 252764 256928 261253 227242 254019 261863 242896 240946 247072 243496 265571 259192 248617 251640 237293 222568 260489 230977 248399 261009 238906 234402 257578 249646 253531 220842 250086 232604 234745 228859 256620 229473 260444 248645 249279 246610 261066 229334 257326 251887 242576 278093 278561 250073 254942 241307 244524 236894 249016 248569 246695 234181 237420 215290 244109 234021 240817 242843 268192 252305 258648 249349 276564 244351 265950 244257 230608 258545 257997 253864 249515 240916 245040 235619 247139 232870 246599 256741 210330 232326 212643 264587 219729 217780 262608 245787 279462 243266 
231827 225823 234177 220624 215844 222944 217547 209451 214944 203066 225483 241998 234590 240689 245225 211455 224307 227707 229100 229647 228484 240507 240664 207503 240594 221452 214286 233021 238838 213107 233526 234674 225264 205720 223235 213756 235078 213651 259164 226586 211382 209863 241729 215330 242934 233377 227995 240492 236235 190859 233746 233943 218690 260173 249615 210895 223616 244045 213090 214868 230708 235904 230502 227867 208811 196699 214048 221744 201107 221121 245506 243946 232893 235986 238287 217699 239479 249581 237929 225026 235893 245764 239342 233350 211752 225908 240161 213360 227177 226038 199108 221615 200212 224201 210176 193110 212415 225657 261685 235428 
229029 250312 249583 244216 228735 239317 221079 214799 237349 239934 260809 266088 250387 232695 251145 221790 240654 255692 233711 261968 245041 254224 255543 246328 245453 248091 228179 231924 238569 237032 245492 246067 220215 219491 238461 208791 229279 235008 255117 241482 213138 236558 252550 215477 245214 234826 247399 236127 253663 217053 236042 231940 229289 279086 267254 234785 250473 237774 230467 226887 256031 247123 238326 224049 230468 204437 228827 231280 245505 240083 248759 244708 234107 257502 244529 243023 236261 262298 242882 246620 255100 252731 249982 218547 245717 239686 246808 239119 244706 238669 220853 235088 220177 245408 232297 210783 236907 238252 256171 246107 
239748 232047 232198 241712 231813 229596 215914 221125 219044 217076 236768 252541 245187 233767 242979 213898 242892 251525 209043 234841 242206 234421 257628 243536 244089 234075 220875 231502 241043 229694 241516 244082 231429 199048 220809 227792 255709 225909 243899 245642 214137 224518 253086 210783 236069 227297 219645 230653 243824 211694 247414 247542 224090 256191 264322 229435 244460 238037 224295 214969 228834 247062 225159 228367 222892 202238 228327 222911 215764 223353 243444 243474 240449 233594 238793 227539 237958 252671 227164 218424 232050 246900 249948 218838 249873 223813 237932 217994 233828 247133 200289 202981 210749 237948 227969 211239 239994 229122 258153 247611 
235830 245321 245016 242826 239984 222802 210916 222945 212262 224961 258808 257265 234365 244023 232395 214291 219845 255432 230373 260116 241330 253237 271119 255513 247867 240713 243829 214231 260811 232387 263929 238345 225467 217023 239044 234049 256982 233824 260920 237085 231611 227213 249488 225446 235280 220469 252358 246678 253283 212362 246666 253805 243040 277337 267220 236140 254263 227445 231437 227578 236753 250629 240327 235919 239549 227326 248074 225980 240888 242346 252241 224832 261090 252744 245736 236743 244523 248857 220827 253967 258786 266233 242952 229524 226519 239424 251634 239770 251995 242455 208807 229560 206020 260404 233050 214442 242267 254884 268514 234759 
253208 253280 265559 251973 266358 271913 233668 243096 260725 253010 281023 279455 273235 271457 268248 229527 260333 264351 241739 293250 260429 256128 291865 247627 273434 259754 260587 242542 270909 251161 267909 265757 243570 228916 268111 250121 265021 261931 280863 254998 222774 251512 272681 242688 263413 244913 265503 263276 249727 250984 263806 271989 253170 290476 290228 239916 266273 250033 250172 259112 265987 270773 254599 253346 235190 230343 239807 242590 264591 248056 286598 247880 265421 254190 282460 241005 266201 264940 266502 255172 267883 287385 268396 254865 259042 247875 267811 253326 254947 279877 233466 228245 237208 267551 247588 233700 259841 275247 288379 250117 
215207 235830 248596 220258 216470 204438 219343 227084 212545 221476 232359 254877 233363 220611 239215 213181 211120 235119 226973 257681 236534 236659 250420 237572 222844 227028 216530 208671 227022 211569 249390 257053 213128 203850 225829 208458 231172 218664 234481 230465 207038 227976 239076 206025 234002 219384 238995 209488 238681 213313 240978 229322 233046 236905 258444 229241 234793 236699 213207 220752 215770 219907 221431 217110 207280 190103 207098 227344 218120 231046 232575 220759 237700 234900 232523 241127 236509 236861 221555 225607 235176 241677 246510 205631 220625 217480 233344 225274 217077 237228 190188 211912 206980 225501 219891 199344 227353 222034 256397 228736 
232316 222102 239729 232710 241936 241498 228788 240669 209381 224008 247208 263291 227554 245013 236315 225735 236352 236978 225220 245718 239877 229963 263491 242712 250094 238046 213909 237568 236783 227104 251952 242680 235752 210646 228227 232447 241515 223948 243947 238109 210853 225409 245895 206338 236724 212380 242429 233295 251317 231850 245017 252397 251446 264623 264510 233392 229322 236261 236819 241046 244211 239166 226458 226993 224950 211059 209445 216588 223855 240559 244597 234667 251455 244237 233622 221590 238015 251351 238323 236089 249356 241604 245635 224926 223473 229407 258931 234780 245645 235262 204631 227081 204640 251701 238700 228734 253647 231445 271106 244826 
220919 235105 234628 231096 217679 242228 216058 217443 214498 231036 233702 245742 222839 232171 237604 217625 234805 234094 213336 230079 237836 237662 246844 218849 220285 211435 213808 219920 226766 216309 226511 225752 228678 196170 224185 211423 221698 218546 226166 226628 205104 217422 231982 209900 228164 214868 233799 225880 234937 207385 229937 227298 216031 244523 254524 232095 230992 218883 226661 221114 242644 228211 221747 201884 220751 193682 202871 215169 218938 215500 236085 222243 216202 223024 235110 219619 235827 235402 224779 233198 224909 239956 214654 205395 228662 216277 246347 214025 227651 229963 205202 215904 191647 213764 218134 205431 244554 216162 244271 222259 
258459 261424 265717 251527 256894 244324 241010 232614 230985 247806 257211 271926 255563 263254 258774 237963 253357 263534 243043 273263 248402 248972 268545 256649 269311 264143 251607 249601 282992 242526 265197 259241 244525 242158 253951 231468 279587 236539 275791 265657 235161 233662 272105 242420 270074 242040 273803 259915 245495 223664 252480 260660 237863 287638 290622 225995 258673 262081 235813 253639 237593 254376 258349 242125 237284 232847 244786 251527 223059 252256 254065 250309 254012 252275 278012 227760 269903 258149 254251 250154 249927 257336 255369 256566 253458 246406 269607 273379 256364 255583 224201 234637 229833 254820 238568 225996 244665 261740 301960 262037 
232959 269566 247519 227767 241798 228605 239145 233854 215210 248131 269063 261295 239824 246490 252933 233348 240635 262158 238312 250676 249212 259638 262397 253134 227054 247188 222183 230227 237453 234742 243736 246710 229099 224240 250572 239397 255470 225992 232677 238265 231654 219501 252613 227821 240879 231404 259555 245975 246016 214831 252177 241684 229809 280437 266101 238657 239393 227004 236639 236016 234881 250229 234040 232333 240686 201366 240576 238753 228071 233922 252746 230424 252885 245589 247171 221732 247794 264312 229206 245180 242870 258060 239709 232750 231587 228031 239151 234400 237135 243345 212941 224352 216341 248689 222225 203081 254588 244164 261054 245162 
232312 236857 242270 231247 245314 236607 229536 229190 212690 233941 222322 256026 240344 249168 237622 221503 229494 267728 232484 254696 257539 247595 257955 243562 246198 237271 216935 235412 249957 223056 247562 243342 236994 219817 243360 238695 243771 231708 262111 252554 237562 229718 246557 229113 252843 227826 239623 243005 243993 229682 253154 248232 252520 279673 257050 226522 244889 249766 233607 237192 247504 248252 240547 225708 233345 199964 230692 237590 237661 230970 241348 243844 254148 251852 264900 223968 262119 252035 248639 234672 247418 263441 246468 225060 226151 215040 257921 237004 236395 247384 214482 222468 218211 238196 232685 240430 242794 243759 275037 246117 
220556 211534 243015 211514 235229 238247 218055 204910 223566 219474 233660 237507 231542 234465 234919 211710 220787 241690 209228 239537 236389 233761 245071 237577 216347 216053 216238 204987 218693 223741 237462 232843 208879 211388 232519 208868 223754 221845 228112 213569 217897 224204 234187 183615 245258 237590 246540 244185 243809 193630 229454 239726 225948 253386 235034 224859 237840 242806 211690 213662 235848 223227 230218 215995 220435 210867 215933 205548 225269 230938 241189 222136 230667 252003 246523 211331 244775 237092 215472 223866 235467 219711 220460 219687 230378 210958 238718 228948 236380 234237 186699 213468 201153 230478 217912 211149 233019 210063 256474 221141 
212493 242402 243472 230961 247412 233069 235892 240992 202997 233064 239478 260712 233038 251771 224227 228978 233886 250387 221103 266215 243598 249516 258099 256209 242265 233147 234830 226964 227950 241125 247580 251219 217955 223168 247948 242890 250210 230744 243618 240076 247565 234268 256321 232983 249105 232414 248959 245454 250539 226210 234349 260932 225802 269614 257123 239774 227811 227454 241151 238769 236753 235516 227448 222614 238681 215951 235071 243030 242518 230794 258355 250047 263697 237402 238106 208143 253818 269649 235424 236826 243512 246909 241965 234082 231857 219847 248148 228552 243319 240661 204871 237068 214515 239612 235714 211061 258567 241959 263380 237318 
245439 263910 260205 252626 230617 238537 233041 238822 230414 232936 245390 272115 247546 252832 259169 238535 253182 256663 244691 262402 258216 274590 283276 260172 247288 254603 240611 246592 244944 239344 258125 261666 240591 218830 243615 242643 266258 235663 255991 253984 229264 241373 252768 244130 270425 235345 257773 232703 264203 225582 260814 241669 243065 290571 286265 231747 248657 248650 265410 239076 252941 258998 234088 236482 259287 222090 229893 246612 261663 245142 265093 263067 265316 261839 258112 230036 245339 272498 252503 236460 267924 264575 264425 248652 244423 243138 246224 237399 257214 254774 229958 240728 221012 266061 239683 230469 251821 246087 266337 250046 
261993 271835 253760 256620 263494 261853 246913 259023 235437 235758 272861 283239 265501 270226 257128 233866 250683 275663 226539 276993 263305 268520 276335 263247 259905 274564 238048 255444 261931 242206 275081 272945 251378 230301 265461 251279 268619 253056 285769 257367 252719 245648 277077 240082 263863 250356 270158 261178 253595 240612 243414 258258 271356 287354 295485 253605 276581 258841 249788 251117 234296 271959 248262 244824 258124 223003 253388 254484 246512 258135 265166 257698 262488 269178 269659 244621 255849 271666 246783 265479 261360 278380 261094 257647 253977 260556 262905 258005 265647 247348 208531 245994 234173 266688 241675 230014 263339 272134 292277 264279 
245961 252666 272748 261014 240558 247419 245738 243319 228141 261620 257156 284098 258074 259339 261677 238412 251317 269553 242192 277285 259323 278363 299074 265352 254618 242254 244445 247348 255889 242802 251054 271383 252350 234542 251532 235008 268055 251681 258525 252491 240903 242420 273386 235143 260999 238696 266359 261600 267776 240410 254199 271699 242099 271512 283358 261578 267823 238044 251095 252815 265005 254963 252388 240309 236202 220462 241848 245905 258398 260705 275816 258212 254370 256041 265593 247395 264837 284661 259807 257232 267665 264519 255908 240773 237630 240572 270150 237795 259636 254697 220811 244958 238923 260240 249007 225563 269285 250754 287432 259336 
212794 227984 219483 216168 222595 220449 204416 212918 200214 216135 214570 237702 226639 228864 245192 210465 230216 232174 207824 237639 233213 218219 233654 220257 236653 222384 209897 196698 230502 198039 235608 241368 207689 187638 222322 221464 230373 204230 235769 219713 191286 206442 234842 200632 238859 215533 211680 232744 227116 204840 218053 225950 222285 244424 257873 209414 226104 219845 221876 206033 224956 221129 200068 229101 211072 211902 197556 204414 216673 222093 218286 225150 226910 216515 223564 212421 214279 221524 206604 221821 227773 242615 220041 207752 213571 216753 222866 211580 222480 229593 201639 211110 187965 232801 205014 195168 224952 220150 242308 226543 
240120 261879 264455 258645 235086 247831 239673 229932 233315 245552 241733 264771 242342 252595 246091 227485 249164 253706 252628 255933 265007 256549 265165 235911 260006 254477 234777 243184 247649 230581 250231 255440 242423 222096 240373 239159 259421 231038 283890 264665 218544 233956 263630 230851 249556 211422 256245 242277 247437 227781 265635 259986 250720 275066 263045 252628 246496 257350 242217 240205 242560 260503 227458 229673 234760 218715 225005 245005 234834 242957 240915 257024 238935 244099 249535 247764 248905 254501 241820 252897 243736 273591 260527 231408 244048 225332 277643 237963 240098 262807 244178 255576 217851 232170 243655 224573 256413 237017 266781 274459 
242891 258174 270490 240632 252376 248282 247932 245286 240754 253162 254006 270946 254928 259438 253766 220882 254610 269085 241632 265228 247239 274786 266468 261953 262979 257643 236037 248760 258331 244391 273060 264979 233332 229290 236370 249059 255789 245331 282474 252755 235066 242079 255182 228638 253429 245378 254236 275658 264174 242503 256254 263065 250092 276564 269972 237059 262769 249698 246749 261001 252220 255936 252468 238489 241357 222266 244917 248410 254644 262134 258470 249242 266973 255165 255873 245174 248295 260709 264470 257024 262634 269723 250688 234564 245655 256682 259098 238881 256315 261651 221853 232972 238121 266106 238812 226561 267749 260715 284076 259284 
246322 263582 275052 264660 253812 250467 246335 229806 232702 246643 259687 291505 249374 267386 256365 240412 232883 272088 239672 254711 244994 254974 285319 255516 244127 253372 244102 237600 257662 238201 282476 268494 251960 243885 253772 231442 264583 246009 276948 246005 231653 242258 274325 237875 268870 233210 278334 265592 265455 228738 245495 270777 247660 276501 283859 237312 266267 258302 250874 261482 242361 263428 252256 231761 253532 218348 235078 241185 255155 261292 245132 245018 250310 250325 257107 240446 263642 255381 232238 244427 267621 263157 252049 231909 245779 241539 262577 249182 258120 244478 224430 256465 229596 256367 248727 238403 253934 242507 291495 271010 
224786 239427 246096 226301 215806 231299 210318 222051 207256 226772 235650 257139 231690 225812 213342 213752 226352 238636 215820 232829 221201 235779 256910 242218 237233 234651 230521 225685 232890 226460 231186 223161 233993 217775 235875 223908 237770 218699 244576 238844 204060 215287 262604 222679 242228 210862 236903 243308 230539 202342 247936 242387 224074 264173 244156 215194 219482 217629 224590 229811 221033 241038 213989 222816 227368 200802 227288 209665 230135 220293 247183 230893 242280 233343 237970 211454 235546 250208 226193 216511 226125 234141 231971 237891 229419 224281 240315 227893 233819 232226 206789 225710 199299 252709 227787 214697 248321 237467 245874 243179 
245861 260437 274610 237274 237740 261785 232210 243165 237363 254724 255109 268705 261293 253362 253061 229994 248380 257143 234459 246903 261237 264976 280984 249449 246843 242660 228364 244096 255262 237795 252543 245987 239850 222210 245752 245227 248779 237875 261711 241533 220133 227912 268251 227000 252722 245294 236551 245031 254024 232409 260590 243505 236270 268200 259908 231603 229241 250952 243014 259638 246158 247008 247410 228191 235797 204164 233251 234173 234746 237216 264060 241580 262690 248155 256776 235210 253375 268696 243431 234178 251408 268551 251409 241468 244416 234621 251665 237286 241773 257904 240030 235207 228422 252702 227423 225019 265230 258350 281139 247433 
237119 245189 268216 247843 244549 239102 228113 227146 224001 249142 245995 265921 243954 231036 243868 233306 240993 255589 241246 261097 248185 248826 251590 260467 236281 244270 236384 222285 236495 216365 238747 266801 238147 216230 248489 228164 264966 212885 247781 243986 224620 225864 259644 231331 243773 242986 247870 247249 259552 217844 245223 257988 230459 281437 278907 242577 239719 248817 241750 236581 232578 249166 244326 227761 235258 211836 225051 246656 227891 241544 245028 252514 259639 249551 257215 236240 236938 252278 222406 244511 245089 257480 241242 239245 238224 242605 251501 229461 248004 253942 220991 235628 215897 250318 227221 208929 245265 228645 264483 246727 
257290 266137 270456 253060 244937 250149 233258 239399 230857 255054 259357 277161 253830 256578 258943 252801 241943 260099 235504 261094 260493 263806 276585 263815 249328 246871 260882 255886 248474 248851 268046 267928 251075 237364 245545 227689 259239 250377 264966 248960 243365 250562 277310 224645 270165 241376 269690 258078 266687 232004 258730 251356 250817 290437 285817 249913 252606 245014 245055 232449 260260 267762 250111 239157 239739 225138 241689 251756 245824 246762 263928 265531 267108 263540 263071 253819 255198 265190 251415 244301 267036 269855 246957 259660 250906 254819 277263 259996 266471 251439 224711 251133 213752 248041 244989 220038 263757 254745 290761 267704 
231913 256259 250184 239822 249320 250471 245948 227748 229258 235026 246010 269247 240873 265298 236806 231058 230986 264567 247486 256478 253814 262613 253562 263115 256781 258702 243192 240665 241652 223463 266187 254608 235041 223281 252678 239640 264064 227844 251426 252568 237251 237731 271061 241241 259610 236477 259598 255128 247200 239096 244999 261301 244555 268157 267276 246860 254546 259861 246842 250743 239381 249019 230986 251510 226213 227141 235951 248571 237311 250138 248550 259962 261330 252280 257960 229827 258149 246419 247155 241914 259765 257780 253884 230002 240171 239222 261082 220480 250163 252001 232102 249972 226367 244511 242378 232842 264718 245317 268843 251549 
214567 223138 228477 229873 223084 220938 211597 218895 194995 208644 220555 243636 229523 217678 207791 198520 215797 240917 204358 235262 211460 233158 234492 236827 225053 234956 223722 223731 229863 197968 227822 230222 219026 205189 227929 208672 237112 210758 237062 232810 208832 213754 234728 224266 239287 222344 236730 236453 229756 210117 224963 237532 210164 250741 248885 237734 246131 213171 226662 231505 222753 223433 215280 211175 222412 210935 222373 227557 218868 224265 238628 249177 235991 227775 247369 216044 233109 223275 210312 224252 229778 218452 224280 211923 233072 217205 245662 229807 235474 209189 180524 216195 198622 226698 213147 202027 241232 218172 252062 214187 
230184 257568 245193 234453 222452 230528 233940 221987 216928 225561 240785 257985 237055 237278 246398 207238 240887 252150 221279 256614 240953 257677 260617 237744 239931 251415 236849 237707 254888 232249 251271 253495 224495 211966 245646 214037 236013 228177 245130 245699 219292 235132 251028 223534 246656 234926 247992 234319 240795 218501 248428 238888 237367 265314 265245 229834 254120 236871 242431 251330 241154 238796 217848 210513 239757 225730 230851 242469 239471 242749 241492 244766 250990 237984 240059 232554 230915 260626 240225 237157 245677 248884 243052 220363 241486 229257 239473 230393 238834 246626 213037 214249 224411 248677 238406 214631 243020 233984 268021 246296 
208508 242518 232111 225104 229105 217169 223381 211017 195769 206857 237524 230494 222564 224704 214805 199881 211222 236767 218144 233920 225131 224711 232139 229225 213256 235680 209858 233754 226885 210554 245023 227168 218689 190420 224338 205306 237728 201486 235568 233327 214651 204796 240132 220553 221602 223414 229392 222675 217124 213059 234521 230979 217898 246464 238260 228471 215003 203428 221259 216540 224160 217518 207925 205859 230855 191295 220076 212459 223363 200105 231712 231715 239506 231695 222153 213501 238326 238661 210685 216027 235127 226855 245235 200938 225440 236757 236082 212873 219032 224608 207090 213870 193207 210801 216855 196635 233858 218814 245590 218433 
238077 268241 264579 244317 251155 242882 250425 247004 220960 244050 257323 275559 250310 252539 256235 248252 245502 267642 230819 264686 254470 256034 275405 261779 255662 236067 250623 248356 241364 249124 269392 264899 251715 235930 239921 236084 260148 245798 263963 249556 240965 248913 265324 243865 266791 240141 262069 269199 250188 235789 255784 251781 237042 282607 276193 231609 236371 243958 251746 255505 246517 242782 248872 226128 248803 217185 229094 241622 255066 234488 263522 261720 263178 244484 257514 230649 250634 270731 255798 245380 248678 260924 259768 253370 242002 251454 273759 246153 240833 265196 224887 228260 227050 253986 236836 216589 262641 240905 290782 256712 
248981 265708 267579 246905 249576 247921 238187 257386 231311 251567 253270 280174 259267 269715 274906 244442 250634 261413 253193 266446 262572 274953 280385 261600 256359 254809 243918 243912 271943 234663 250071 267559 236657 236576 249911 246883 260428 245183 257980 256357 234631 247890 287547 227034 270371 254501 255005 257204 288708 241448 264258 273167 239047 284745 280042 251685 253599 258386 243685 244658 260623 264985 244310 249323 227047 236382 239191 247316 234227 249839 269721 273827 272647 271694 272226 254055 265493 270838 263987 257226 270020 270198 270279 248278 245733 228617 268689 247630 251937 270575 223270 251456 222841 253165 245704 240928 263862 241042 290703 265783 
240029 249820 257394 245045 243987 231091 227459 236649 217179 236653 235019 247388 248309 253575 236720 235586 236376 246710 228227 223699 249911 260630 265845 249813 241728 247926 235754 233756 247017 228403 252797 244298 240424 222369 239491 226298 254429 225952 255731 237746 232515 227455 271875 225367 261000 241789 251578 228860 254630 225983 258674 235283 248122 267070 260647 239575 239143 240304 227929 240931 227796 252918 240733 222128 223129 198724 242117 235223 222542 250883 246956 246152 248343 251117 241925 240892 252676 256220 236561 236993 247094 253813 247687 238441 249377 230411 252016 228217 245016 245225 219852 224468 211137 240918 227503 225515 255102 241652 265681 253821 
225400 247417 241690 245321 242314 238976 225920 209128 229476 220122 258293 260278 244675 251613 260386 226685 233310 259183 221755 264646 247274 269135 241970 249537 233356 234079 227386 225205 236535 212032 263078 258639 232278 214085 234992 213856 258259 217310 268947 240377 236547 239574 246340 217127 238416 228141 252152 257014 254007 226342 251460 237112 242496 253302 263945 234345 249640 251287 229995 232981 237364 255963 231113 235036 237365 207931 225490 246371 231543 240186 245631 251923 242624 256709 244407 228842 235251 242322 235675 242054 258780 264061 249799 205850 237384 232052 226765 225347 241777 248190 206730 233606 223597 230347 216919 208831 248702 230860 280716 249095 
264615 284775 282232 270654 257159 257816 251467 260124 250909 270387 262544 290613 273082 274440 298973 265595 248839 297219 267005 286974 280230 282313 296405 284385 281075 281739 272140 254428 263363 252843 288435 273174 262739 244732 270290 245710 287575 257618 291422 272626 252145 251922 294281 247061 300094 259089 276084 277833 280535 250717 281280 270074 270913 289436 297881 269335 276710 264363 268165 266634 265849 286453 258903 265825 249905 233979 268766 262203 273417 270386 274216 281696 275086 276378 275081 277791 272213 271836 256592 256539 274516 286741 291768 262946 263108 264323 280136 261944 283132 269790 252241 259416 252117 282118 260705 261949 280168 278074 283085 278731 
238548 264230 272658 240004 244669 249089 246994 244624 222768 258408 248382 285317 247121 249665 253110 237668 243492 251389 244687 276601 254560 252714 292278 257707 248326 262146 246606 227717 245527 228937 269702 265496 249306 233742 264059 226837 268940 237337 269331 246893 218537 251069 266872 241481 283964 229638 254714 245555 252355 233937 274639 260691 245061 269454 276842 227209 249989 242539 236426 265874 232890 245831 242025 240812 232577 233003 244124 230197 247322 255444 255496 249432 254684 254526 263726 233377 262536 251599 245039 240830 257582 256782 251098 250290 245449 243749 264091 248841 241306 255636 240903 233553 224200 264512 239187 230448 261891 251041 284511 261175 
250539 254182 252471 242809 243970 253332 227180 238615 231602 240056 266949 268719 250317 256168 252083 234477 262697 243545 243820 255786 269178 266695 270789 258573 267781 246170 243329 260257 263195 246897 256442 249848 246719 223785 252107 233357 256005 246566 264641 259000 230189 233598 268622 231194 276680 240327 250350 246578 258196 238663 256820 258962 242236 285970 284406 238719 262684 248737 244831 238686 248237 258974 249358 238417 220073 227831 238420 225142 241847 243847 269679 260797 252927 264110 259088 238600 263467 257402 235532 251489 269921 269640 262776 238254 250583 248976 258537 238431 251418 248608 220520 236807 228820 257003 235907 218369 250924 254601 289281 236906 
211481 217028 234647 217074 217253 216963 206609 210911 218563 220213 225938 233171 237177 232242 218778 202796 221465 238950 206040 236059 219749 248103 243400 228280 218462 221996 201333 218685 217666 225013 230148 220754 208680 197052 232086 210623 211781 210900 242264 223012 205479 212584 237969 203296 225202 219408 220446 219345 237144 201775 233540 220094 214881 248453 239844 222822 226570 220496 223298 223985 207130 251345 220105 210078 208312 192890 216560 211484 200915 221176 234415 227416 246580 232081 231150 220898 220207 240808 227069 217417 222237 228188 237250 215116 219570 213199 226903 214606 215220 225679 200232 198818 200189 220138 220918 208484 234502 226823 242065 218688 
240607 256076 238445 234227 240031 224276 223049 222098 227290 221014 237359 252147 240201 239972 250294 213481 244782 263577 223246 229701 238404 252928 247611 235805 252540 246873 228495 248294 243804 232533 242379 236291 216721 205683 240927 244761 249590 213605 253185 242629 217823 225147 248886 219638 242362 246087 235219 245206 241814 221318 242907 225541 218884 266174 268084 229278 244603 248661 240617 226863 236429 247917 219815 234060 220917 205138 218487 245670 214766 238459 242974 254695 245092 246766 247210 224431 237941 244273 247296 228804 227189 241631 251476 227927 242307 237935 237301 230885 244822 242700 214809 216383 226622 238238 229095 206864 228909 240177 252630 240568 
251318 269445 280661 246490 256795 258291 252997 253253 241854 266224 259934 281832 275732 262133 278971 233416 260331 279242 243893 275564 262286 273505 276137 266146 245569 254500 254334 259275 273514 251161 262103 277604 247668 237588 250074 251643 260524 267160 269770 265240 243306 249938 282499 231512 263775 248912 265995 268254 275302 252523 265297 271105 254113 285469 279037 270387 258222 263391 236472 240722 270413 265209 263121 240461 250184 222468 235115 246135 243404 239751 266980 276916 274986 264189 285726 258174 281965 278758 261424 233410 257708 275119 270667 258193 249201 255974 291252 269570 259158 260257 225745 259516 221894 241497 244661 238523 278978 262941 306482 278991 
