63 29 12 70 6 20 82 41 39 4 53 67 85 37 79 40 4 36 61 63 22 0 39 72 66 87 62 94 7 42 92 15 72 17 47 95 74 83 88 87 65 38 97 95 72 17 65 30 92 43 35 48 68 92 6 17 82 41 19 24 71 28 99 66 51 40 3 32 47 50 21 97 68 21 1 69 85 36 15 83 88 65 35 66 1 68 10 87 78 60 55 32 10 9 83 39 0 51 52 24 
47 14 32 41 4 71 96 81 63 33 74 95 30 19 44 52 38 37 46 98 63 45 35 22 38 93 7 32 61 26 27 1 51 7 17 18 1 33 78 11 67 85 61 94 23 41 42 58 83 87 11 66 81 52 50 10 24 63 51 72 8 28 87 6 19 64 21 91 54 74 99 51 46 47 77 41 79 58 6 52 56 9 59 71 48 60 52 64 60 76 67 50 55 50 88 95 66 1 95 26 
32 52 12 78 93 12 64 62 77 22 34 50 64 68 13 61 16 74 89 68 86 63 24 96 80 3 14 12 30 3 39 18 71 83 60 46 99 16 12 82 35 10 29 52 73 39 77 81 72 85 2 55 66 61 65 65 68 60 10 13 29 98 97 95 11 40 83 64 67 30 21 58 71 54 80 38 61 3 68 9 73 14 62 71 15 81 47 81 42 49 15 70 40 21 22 53 60 87 82 53 
56 7 69 80 74 45 9 40 29 80 13 55 83 36 1 46 34 12 37 0 92 89 98 71 91 13 81 84 97 11 52 51 79 66 14 70 4 96 63 34 33 1 84 29 30 84 12 58 79 77 15 10 44 56 53 53 94 89 87 80 39 25 86 80 68 39 24 82 57 14 86 52 80 67 30 5 82 82 82 37 58 45 69 99 31 51 75 2 84 74 59 65 70 28 66 38 39 32 77 70 
64 60 19 35 96 89 14 57 42 41 27 57 67 24 36 51 53 98 77 19 83 32 33 95 14 81 74 47 31 87 31 53 27 22 57 9 63 84 40 91 51 69 60 48 85 61 63 19 78 44 45 89 29 30 53 95 95 35 85 6 70 88 21 46 84 7 64 52 14 75 29 46 54 28 52 81 13 13 75 21 13 62 50 10 83 84 76 83 72 63 68 62 30 32 64 35 44 51 97 50 
1 31 7 26 92 35 3 80 7 75 38 70 36 16 64 32 57 43 73 48 47 29 54 49 44 83 15 3 51 80 3 13 32 87 85 99 20 69 42 52 39 52 38 19 57 25 19 18 86 3 20 75 18 24 71 14 27 48 46 30 52 39 98 59 98 60 44 69 89 28 59 51 37 19 99 46 61 65 40 47 88 95 10 14 90 57 4 85 85 7 6 96 33 39 19 30 80 2 18 68 
86 72 73 16 13 29 23 65 0 73 15 49 69 28 46 51 39 67 35 42 41 86 85 81 80 6 37 77 10 40 46 64 72 82 61 31 2 42 28 54 29 73 26 67 54 50 8 0 4 47 11 77 70 10 89 29 82 28 80 68 40 43 85 57 7 98 1 0 89 89 6 59 6 48 51 29 91 16 89 79 71 48 33 34 69 50 70 53 35 18 41 87 42 54 61 75 59 47 92 72 
14 10 63 55 93 39 29 43 75 86 92 31 18 79 71 6 54 84 19 59 66 75 38 70 8 90 20 51 28 85 34 13 37 55 81 18 23 73 93 33 28 1 33 72 2 71 84 99 60 60 8 24 45 29 54 29 49 38 18 79 17 90 52 40 1 73 23 56 28 75 38 39 84 69 36 46 11 49 96 2 45 7 89 89 6 25 94 64 98 99 49 20 3 95 65 50 8 99 94 9 
48 20 88 17 72 9 10 97 36 25 24 24 47 21 23 92 22 74 0 23 3 8 27 35 62 95 21 89 76 31 45 17 22 81 91 39 0 46 34 69 43 70 15 15 31 9 49 7 69 37 67 98 72 14 8 50 10 36 33 87 74 13 4 84 63 14 64 57 0 11 5 2 30 45 41 81 45 84 19 4 59 73 23 38 93 69 90 23 63 94 36 86 98 62 79 46 16 38 46 76 
55 45 62 72 30 37 7 40 57 33 98 53 39 56 57 1 77 64 51 77 40 98 30 16 87 38 55 75 98 94 5 46 71 96 53 51 51 87 40 94 86 53 57 89 31 26 52 96 89 68 83 4 99 72 44 83 11 4 63 71 32 45 6 1 2 83 42 47 33 30 32 25 10 43 84 79 21 8 84 16 45 88 84 87 34 59 65 81 52 64 75 34 37 48 40 23 93 34 70 29 
87 55 4 35 87 80 7 93 34 54 94 67 81 41 68 20 74 96 77 49 79 36 48 65 76 82 27 78 8 54 20 35 30 46 71 3 66 16 71 94 65 39 81 7 89 83 26 18 50 42 93 11 52 2 77 62 42 84 16 80 94 83 88 98 11 38 73 61 79 6 27 46 12 60 9 7 9 41 27 1 68 14 20 3 47 90 39 23 3 82 50 59 57 40 51 91 51 96 50 53 
13 47 76 49 73 40 35 86 4 87 18 53 98 56 90 13 59 5 52 10 95 27 65 26 83 82 28 77 9 71 67 43 10 46 25 63 90 60 42 82 91 66 23 58 49 63 3 45 74 18 18 53 90 60 62 9 49 73 47 23 76 76 83 7 28 48 62 84 33 23 78 14 38 30 78 64 1 59 48 83 26 82 12 11 27 80 0 83 51 84 21 95 51 10 55 5 48 72 87 73 
46 58 51 50 1 70 0 20 34 57 44 95 72 85 91 79 87 44 3 10 4 63 33 88 67 34 97 77 34 47 45 88 43 17 30 38 87 87 80 36 68 61 40 29 88 58 86 83 86 67 19 29 10 63 51 34 92 27 91 52 6 4 91 54 7 7 14 46 94 20 90 61 90 98 42 54 37 6 9 46 40 86 61 96 55 44 83 60 2 30 73 64 3 88 57 64 25 97 60 86 
0 50 11 40 57 53 56 80 32 72 17 92 37 28 68 20 16 73 18 60 37 75 46 6 18 47 24 72 50 42 23 90 74 1 38 79 65 1 46 72 46 13 8 45 1 82 9 19 53 27 23 61 44 13 38 47 27 68 47 68 78 91 51 70 72 64 75 92 78 43 6 11 97 85 65 25 27 88 46 98 14 21 75 55 73 25 73 73 98 52 94 38 37 15 88 55 65 80 7 17 
28 35 90 87 94 23 41 52 44 81 69 9 66 44 29 35 6 10 36 90 47 98 78 4 90 43 39 87 83 88 61 64 86 24 14 82 32 67 42 46 20 18 66 21 63 28 53 19 35 97 41 45 14 55 58 85 74 94 3 59 4 40 77 4 94 15 88 51 25 34 11 60 59 14 15 16 11 76 59 0 50 1 31 41 54 6 34 28 62 14 8 80 29 30 40 9 26 71 86 38 
75 12 8 8 32 42 26 96 71 32 4 98 14 31 7 92 12 12 55 55 60 0 11 41 46 20 45 82 31 9 75 30 35 64 2 43 17 29 35 7 23 17 23 34 22 51 67 97 20 37 11 45 12 46 27 81 27 50 0 29 88 8 16 37 13 59 8 78 60 64 72 83 66 23 28 26 11 48 38 4 26 24 9 14 68 68 4 54 31 1 89 49 19 1 32 78 69 77 18 95 
10 59 99 67 86 17 12 60 17 3 41 41 70 54 26 42 10 69 47 99 3 93 77 10 46 11 43 57 82 33 69 40 19 45 4 54 89 40 10 18 16 83 23 20 39 46 92 9 27 82 59 35 11 85 39 13 95 55 93 94 53 55 44 92 42 82 33 58 68 40 2 50 15 53 28 1 10 65 10 92 76 27 36 64 7 81 96 56 28 73 91 25 35 8 3 94 73 88 32 70 
67 72 81 39 64 60 96 28 47 14 97 69 14 47 2 5 95 91 42 36 41 92 40 66 34 32 51 24 38 0 40 66 85 64 18 96 45 81 60 93 66 2 11 49 40 78 46 90 35 29 92 85 4 1 37 18 74 74 71 25 70 17 58 70 76 21 61 3 11 16 15 37 35 81 94 40 88 13 79 67 70 19 95 64 23 75 72 27 5 23 23 69 69 93 44 22 74 55 2 71 
86 52 82 82 77 42 62 51 60 68 78 36 33 26 53 67 4 19 36 94 21 6 47 32 74 72 25 46 40 13 14 44 61 37 79 1 2 17 9 52 94 82 14 9 40 21 77 56 25 24 74 64 11 60 96 86 59 91 50 78 18 24 80 98 34 8 20 47 68 79 9 53 67 56 51 51 31 49 19 21 66 39 64 31 11 28 97 35 34 10 33 7 4 19 61 9 67 29 13 58 
60 76 82 20 58 9 49 36 62 98 16 24 13 3 9 77 81 59 91 83 80 44 13 67 17 71 28 85 33 15 56 20 45 27 86 59 49 54 65 93 76 59 11 51 17 50 77 25 97 81 29 66 81 70 94 43 27 28 33 99 68 11 15 68 45 61 67 5 58 27 46 99 38 1 60 28 37 65 28 18 58 21 75 52 57 83 73 4 24 9 4 21 48 85 49 49 66 46 40 26 
74 23 72 44 32 31 31 10 98 62 51 82 50 88 69 10 96 8 9 96 17 10 14 92 16 24 43 65 37 25 6 21 21 90 48 70 94 98 37 49 64 9 98 56 7 61 68 70 93 56 86 21 38 0 50 49 90 12 12 31 38 14 4 24 27 38 41 99 80 58 69 65 67 33 11 64 54 25 99 33 9 64 21 58 34 23 72 58 84 54 32 43 37 38 22 66 24 32 47 37 
66 74 96 78 10 51 32 10 2 43 38 96 12 60 57 70 11 94 25 89 55 78 8 13 86 61 92 43 43 95 91 3 15 82 97 72 67 39 96 82 81 48 42 21 70 95 30 35 55 70 92 8 58 71 70 5 92 86 23 51 25 41 88 68 76 63 64 95 76 60 0 48 73 52 74 38 55 77 41 16 43 19 37 17 55 78 81 27 49 30 2 19 42 38 54 18 17 65 1 31 
86 70 66 60 15 66 78 74 42 8 48 21 71 76 5 10 76 30 26 7 3 8 30 41 38 83 29 20 62 83 89 60 44 82 49 86 31 51 43 57 76 41 78 10 54 89 47 89 87 56 59 53 18 17 18 74 25 60 50 90 18 82 87 63 36 36 94 10 29 2 68 42 73 91 8 55 26 11 63 13 58 4 55 90 48 89 86 46 54 12 80 28 47 1 99 18 48 55 11 96 
5 92 65 91 17 64 56 16 9 2 62 46 29 13 22 56 0 67 2 14 79 71 80 14 31 57 42 70 74 28 71 93 74 64 22 27 28 52 57 29 44 97 98 80 42 11 93 8 97 99 11 0 86 63 69 81 3 38 43 96 40 95 38 95 5 39 8 38 65 76 47 18 27 5 74 11 44 55 31 83 20 75 4 94 36 33 63 71 51 71 39 38 75 23 5 84 86 8 34 12 
22 80 23 19 38 73 31 95 50 57 60 35 97 24 13 14 24 88 38 13 50 93 48 6 82 68 27 18 93 40 25 37 61 63 76 17 76 94 59 24 45 84 65 66 84 53 55 50 84 90 67 19 94 79 64 39 31 11 20 43 86 11 15 66 51 81 91 14 63 95 25 22 17 97 93 27 48 36 16 53 82 91 81 82 61 49 94 76 60 24 97 18 80 32 87 49 27 20 46 96 
73 50 9 78 25 44 52 17 83 61 71 39 23 68 8 40 20 93 23 23 82 34 93 14 8 28 62 3 63 14 87 25 31 68 0 10 99 0 47 22 31 53 61 27 51 89 73 55 59 77 46 83 41 62 44 93 94 26 78 80 69 95 82 19 85 3 33 75 33 97 73 37 57 79 16 31 42 45 91 29 14 5 3 60 21 51 10 58 42 67 82 61 58 16 61 40 66 15 88 58 
64 88 90 10 45 13 3 34 44 53 74 20 80 26 14 22 73 2 52 33 48 58 66 92 78 20 86 70 64 35 90 77 64 89 86 37 30 68 39 16 72 16 31 99 2 92 8 37 23 70 17 18 56 52 3 87 49 77 44 36 81 40 74 82 37 67 10 98 6 34 83 89 51 99 29 50 80 66 96 37 93 8 22 69 1 41 40 93 27 44 84 50 10 10 88 88 63 83 5 17 
11 7 39 66 1 89 32 8 66 80 95 22 12 52 38 54 36 92 37 85 35 71 49 3 31 31 25 78 53 88 44 6 78 23 55 21 86 31 96 95 32 12 72 57 80 65 1 89 33 9 34 41 71 98 79 73 75 38 20 66 92 59 26 89 23 57 96 99 98 61 10 74 70 11 67 36 96 36 43 75 52 9 12 4 97 89 7 51 28 97 57 31 32 92 79 74 45 29 97 8 
40 70 53 61 23 68 4 24 2 40 57 26 4 12 35 14 81 30 27 41 60 53 61 17 65 46 59 86 38 96 42 89 13 7 34 89 92 13 12 82 36 14 94 75 91 46 5 79 97 68 97 36 96 57 70 4 47 65 19 27 40 58 96 48 26 15 92 36 93 50 38 68 43 49 38 67 27 13 76 3 84 37 69 38 48 34 3 0 9 23 2 55 48 54 94 91 16 23 23 99 
98 60 2 44 71 62 98 32 21 92 43 26 53 65 54 0 80 83 17 13 84 45 16 36 10 97 92 88 34 86 23 22 63 95 5 32 3 93 45 80 29 65 47 84 17 70 92 26 75 45 54 19 73 86 98 92 94 74 83 77 27 17 45 66 99 14 58 26 93 73 11 37 62 56 38 13 60 89 87 1 71 31 97 58 13 19 75 89 55 14 42 25 78 52 72 73 71 18 17 13 
31 54 25 81 54 31 14 81 70 57 36 91 58 98 42 66 83 47 75 13 67 52 89 0 44 18 84 36 27 82 82 48 10 86 10 3 87 27 83 25 34 27 30 14 45 74 94 52 58 60 82 95 24 97 21 69 17 31 18 28 39 55 2 53 94 2 14 75 98 27 31 39 82 14 21 32 64 94 40 50 53 70 13 83 39 33 12 66 57 68 41 72 95 93 1 79 83 29 49 20 
79 48 57 60 40 20 62 63 62 67 8 30 85 86 76 73 48 15 17 54 28 61 17 39 7 91 77 14 76 17 24 12 6 53 34 17 9 73 24 66 45 44 7 58 78 68 41 81 2 43 33 97 65 65 3 51 34 21 48 6 83 42 7 2 74 76 51 73 25 90 47 56 31 14 24 4 20 71 74 99 43 23 38 91 37 93 82 11 93 60 69 39 10 1 92 94 37 57 41 55 
59 15 63 59 33 44 87 98 70 4 70 71 29 64 51 65 20 17 2 3 88 60 12 98 70 18 5 41 29 49 48 61 53 79 33 18 79 39 73 74 62 34 49 25 41 89 72 77 22 96 71 63 7 12 58 93 79 72 65 41 39 8 90 14 53 39 13 93 16 11 37 27 94 54 28 69 79 24 46 88 59 50 58 7 57 85 66 5 52 31 52 11 43 29 37 9 40 42 17 24 
46 47 75 89 35 48 86 27 27 1 96 58 78 88 62 67 68 18 73 82 15 61 43 51 4 17 64 36 98 93 27 35 59 40 0 20 93 19 96 72 24 65 87 76 32 10 40 91 86 24 29 1 22 75 73 42 4 19 64 18 83 52 14 98 28 93 31 80 75 31 56 26 95 96 29 64 13 39 46 43 80 27 28 4 70 52 74 46 45 20 36 79 50 74 46 69 13 79 68 65 
63 74 32 95 21 17 84 80 77 56 31 35 6 86 42 69 87 90 75 77 48 48 24 7 28 99 20 17 98 81 55 31 71 57 48 29 31 93 16 42 88 0 36 27 67 5 85 71 8 13 27 93 89 66 20 54 49 96 59 60 14 24 49 70 52 51 18 66 12 59 71 40 78 68 67 0 29 30 55 13 39 34 82 8 95 18 61 41 77 89 84 35 51 35 49 38 26 45 28 24 
67 28 75 89 14 76 23 76 2 74 91 73 50 93 49 44 16 85 90 86 84 93 5 59 79 55 35 91 21 94 50 69 87 51 31 77 69 71 64 65 19 0 78 54 18 85 3 79 82 91 36 38 42 13 0 62 27 60 64 18 28 36 86 84 17 89 84 52 51 18 83 57 36 2 43 92 91 95 8 68 18 63 97 82 94 13 73 30 75 37 3 5 81 67 2 1 53 74 61 29 
72 76 27 26 25 20 62 91 85 98 61 51 28 38 91 32 53 44 86 58 54 79 33 69 14 12 57 0 47 45 30 58 43 93 76 26 45 35 20 87 52 99 85 16 8 96 10 38 3 18 1 25 86 17 44 31 64 51 40 9 35 87 75 18 86 43 39 95 41 35 79 80 47 18 64 67 37 19 56 42 28 36 37 61 9 28 6 74 70 83 98 8 40 51 21 90 51 56 46 52 
82 47 50 70 63 74 78 56 80 2 47 26 84 58 11 77 48 59 34 13 46 5 7 57 71 2 7 16 63 84 0 1 49 71 18 89 28 35 4 19 94 7 75 0 62 99 34 65 15 31 85 30 2 1 75 32 60 75 14 9 50 40 54 58 85 85 81 1 42 34 41 40 81 79 78 74 91 64 78 1 10 76 98 40 92 77 67 93 55 15 5 77 40 92 30 23 13 70 82 70 
4 91 22 19 1 93 74 91 3 20 75 9 16 61 53 54 66 36 10 12 24 5 16 29 68 67 75 12 44 85 9 93 88 17 69 5 36 42 90 91 66 52 54 29 74 31 79 18 12 64 96 14 58 71 31 39 35 45 98 89 43 92 27 96 0 45 40 60 48 85 99 82 84 40 6 85 72 5 79 43 28 78 74 37 31 78 15 80 49 36 1 34 62 31 47 73 85 70 15 65 
90 59 52 68 96 19 48 81 90 40 1 5 72 45 91 2 5 64 71 25 50 69 87 11 73 47 57 82 91 73 36 85 2 39 77 57 84 81 27 69 92 35 9 80 78 61 87 46 29 45 51 77 86 35 45 65 64 60 58 85 34 94 9 95 40 10 14 49 58 79 47 54 62 31 40 9 48 80 63 88 70 40 20 71 4 44 65 86 14 61 93 69 1 32 34 54 84 64 84 16 
35 85 48 18 35 7 13 30 55 44 18 95 50 78 84 13 90 32 30 87 52 87 54 89 49 40 1 40 97 64 82 26 71 98 91 31 4 52 89 84 70 85 76 85 43 27 62 2 66 60 52 93 31 77 74 71 38 97 72 44 97 83 16 12 53 7 3 7 77 94 42 75 43 28 22 57 10 30 51 38 89 80 68 42 84 80 99 66 32 40 58 5 54 0 7 8 74 24 68 12 
18 68 22 40 84 20 39 59 99 3 61 52 87 31 81 92 2 87 88 94 63 28 76 81 93 4 18 44 67 19 71 60 10 83 29 13 14 3 3 86 42 3 43 78 91 14 19 14 96 59 6 75 67 46 97 43 89 86 57 86 94 55 19 81 23 90 33 32 53 34 82 88 95 30 98 79 3 16 70 63 61 68 71 25 15 33 89 11 8 51 49 64 59 14 16 86 79 14 56 27 
57 3 45 24 61 87 1 84 25 86 91 41 78 25 38 60 84 22 48 53 32 39 21 4 68 5 62 3 19 18 30 0 22 54 51 7 70 19 40 87 98 59 58 35 51 47 12 64 86 37 99 57 30 65 53 4 27 95 86 75 7 75 61 50 43 55 21 27 0 81 47 49 66 32 45 45 68 93 7 17 69 89 61 56 26 21 66 55 18 73 75 28 91 97 3 36 53 29 74 93 
83 66 67 30 76 21 58 87 36 32 49 0 85 15 83 32 96 37 59 49 87 54 46 37 38 39 23 60 56 24 18 97 73 42 55 55 10 37 24 61 21 35 78 23 21 10 71 18 68 18 44 45 51 7 10 90 37 26 98 81 92 17 61 80 41 16 11 14 54 13 40 15 33 83 4 99 2 59 63 62 57 75 10 33 33 63 7 28 64 93 47 59 37 68 4 60 46 4 48 64 
33 72 56 77 41 0 93 5 24 37 59 93 32 94 91 36 91 39 73 5 79 17 70 22 2 0 10 46 33 96 89 94 3 95 22 95 1 77 49 84 15 45 50 89 49 35 34 74 83 79 69 90 62 77 79 62 4 58 35 55 34 21 66 91 28 53 82 98 52 54 86 43 43 70 23 48 84 31 28 36 42 82 54 71 49 34 31 35 95 41 32 58 1 86 96 6 39 43 7 60 
56 41 2 56 79 30 65 9 29 26 43 40 68 41 12 49 59 47 57 34 63 46 80 70 5 64 34 29 6 85 29 42 91 19 37 30 97 26 49 67 99 31 90 71 29 3 92 74 65 57 38 45 68 52 55 29 36 78 16 75 67 54 44 53 26 15 5 68 71 56 17 64 95 71 29 13 0 73 33 12 27 8 28 89 1 4 26 46 72 86 23 28 95 18 41 15 81 27 4 76 
50 72 1 55 6 73 29 83 91 82 7 77 61 51 65 55 64 98 23 88 10 20 13 3 2 2 3 2 28 27 9 89 49 17 31 80 37 10 37 95 12 15 47 35 30 47 29 61 23 21 77 37 2 89 57 50 3 90 10 37 26 96 5 11 54 24 29 95 83 25 81 31 16 84 76 33 88 63 74 25 15 53 69 20 15 41 36 80 16 17 34 55 56 54 55 6 87 53 14 68 
23 3 62 69 19 56 82 62 41 72 74 97 48 0 85 17 43 95 76 42 59 84 80 78 83 28 67 78 73 51 99 55 24 35 99 91 44 24 50 4 14 89 73 27 65 19 68 20 92 16 16 78 25 43 8 73 24 54 29 55 76 22 58 88 7 23 48 71 85 3 23 18 87 3 65 29 48 29 23 42 27 40 4 65 6 5 44 92 54 74 70 6 28 99 93 87 76 4 18 55 
0 66 37 12 24 10 20 85 11 72 48 37 64 9 69 15 33 38 74 35 96 37 69 57 61 2 4 84 91 60 56 50 90 12 28 42 76 13 85 74 75 12 41 82 38 10 82 69 72 35 45 50 29 2 78 37 14 6 46 28 31 79 58 32 55 26 25 52 16 57 57 40 64 42 58 33 71 65 28 33 57 80 34 69 18 31 30 11 96 48 75 81 62 56 96 41 67 55 51 94 
36 25 3 63 69 6 13 63 73 75 65 48 65 80 43 72 15 96 36 69 51 20 71 60 2 60 55 49 65 68 55 8 12 10 75 83 88 75 88 58 5 11 3 19 68 32 38 88 56 10 84 73 59 5 47 58 24 35 30 28 95 25 51 15 76 75 1 76 83 78 91 56 15 21 94 17 14 24 15 95 65 25 7 45 72 75 70 53 84 96 62 14 71 41 14 49 44 97 86 18 
27 34 88 75 39 27 32 77 50 34 25 54 53 68 52 43 41 95 76 7 61 3 34 43 74 25 45 95 87 55 13 49 56 52 45 17 96 87 91 37 62 69 20 74 17 72 39 58 92 21 58 27 21 54 46 19 59 8 74 22 62 2 47 6 78 31 86 65 64 5 58 64 72 51 76 45 42 80 37 78 83 96 39 72 78 86 70 7 84 47 28 76 13 2 90 27 72 96 29 19 
33 58 98 58 69 1 34 45 61 73 93 54 11 25 67 48 73 81 95 41 7 53 59 59 36 54 32 17 19 63 24 58 20 94 50 83 84 58 61 92 1 74 63 76 75 99 90 46 62 91 16 19 57 63 15 18 46 71 33 45 72 35 46 16 57 4 70 38 47 55 85 28 69 12 15 27 13 3 81 2 21 12 77 71 34 5 73 80 81 68 35 9 49 8 0 4 31 52 54 22 
24 15 62 72 96 91 66 59 95 44 7 72 81 43 99 95 74 30 5 59 63 2 24 15 74 4 17 50 16 12 47 96 21 51 81 95 95 90 3 57 98 23 33 92 92 60 13 85 81 46 73 82 33 4 32 58 9 64 57 66 38 93 36 21 44 34 86 15 38 26 67 99 34 60 14 78 88 80 95 3 98 55 75 93 55 15 65 37 84 91 44 77 10 18 54 57 70 57 51 99 
45 26 36 34 83 2 38 66 62 59 70 76 70 42 98 16 77 47 13 18 64 43 27 25 64 13 11 32 10 8 46 31 91 55 73 10 65 86 17 41 22 28 0 96 14 26 59 59 66 19 39 28 21 68 49 67 88 10 98 71 18 94 2 11 6 52 11 72 67 39 28 97 95 92 68 86 75 41 37 14 11 92 88 31 27 39 18 11 17 86 44 64 44 47 79 51 4 2 36 98 
14 14 74 19 99 62 59 4 48 51 36 17 88 33 15 19 26 88 35 78 80 57 99 33 45 61 30 52 18 57 7 66 35 18 87 68 68 91 43 41 20 73 60 92 89 51 16 52 93 34 95 6 22 78 18 68 13 13 2 88 4 12 96 82 91 20 28 90 91 39 31 49 18 19 38 7 98 29 39 90 82 90 22 81 72 46 33 23 44 46 76 56 69 3 20 24 85 8 16 47 
76 5 48 17 7 20 25 51 79 24 73 57 75 23 69 73 17 64 60 84 69 18 86 68 7 44 5 98 52 29 67 81 50 97 60 95 55 37 77 22 87 31 49 9 29 94 15 0 28 13 56 5 57 49 67 81 64 80 62 10 67 55 62 86 63 32 17 4 30 81 71 74 95 55 16 34 67 86 68 29 28 8 25 1 81 52 80 5 9 6 4 99 39 16 36 69 81 98 43 28 
71 61 18 69 99 76 28 57 87 72 65 7 62 78 77 24 47 59 46 62 26 19 97 69 48 29 57 54 57 90 5 48 92 36 54 93 75 45 88 60 51 52 5 68 94 55 6 90 99 29 18 26 23 94 12 88 78 73 89 13 35 81 87 14 35 63 76 72 58 55 9 65 60 45 44 91 8 46 15 79 55 43 8 87 91 41 38 60 12 14 53 1 39 78 81 40 17 86 11 24 
2 5 49 22 86 32 6 40 40 32 21 71 29 40 54 80 11 48 70 85 75 8 68 56 48 2 56 4 90 36 47 8 77 4 42 49 37 16 72 59 81 68 15 46 11 53 94 93 16 45 48 95 92 40 15 66 99 77 63 20 77 41 33 68 76 99 39 28 20 58 53 76 40 51 1 16 55 65 55 93 23 97 28 90 25 82 33 61 9 70 26 67 4 51 12 31 79 79 29 41 
53 41 54 99 13 16 95 25 21 57 98 66 39 15 7 2 70 61 26 62 52 54 85 84 97 3 24 7 50 8 50 35 82 74 6 89 16 40 26 81 43 65 74 11 55 48 28 60 65 33 90 69 52 76 25 17 89 64 69 19 40 21 86 90 96 56 73 52 53 42 33 29 84 44 63 44 82 87 11 58 48 8 18 62 91 57 37 73 16 20 8 75 22 63 27 18 51 44 11 77 
11 79 64 71 47 47 9 30 85 30 89 93 25 55 29 74 99 60 30 24 45 15 64 64 20 17 47 94 39 50 37 5 68 83 16 53 73 13 49 15 84 45 5 58 74 33 7 83 62 86 87 78 54 54 22 88 78 76 93 64 55 13 62 22 82 61 28 41 70 75 14 28 47 49 83 79 43 24 93 19 18 46 36 39 53 61 28 4 96 71 62 36 0 94 62 98 38 26 52 77 
49 52 33 49 66 58 88 14 82 68 94 92 91 89 85 43 87 55 56 12 22 11 24 84 74 12 6 19 35 65 17 27 96 57 24 3 84 67 31 54 46 30 6 64 95 75 87 94 8 8 10 65 59 7 65 81 17 8 89 55 95 7 98 97 25 62 73 32 98 9 4 86 90 30 26 10 24 67 37 61 4 54 84 97 32 16 13 31 5 85 3 53 60 88 79 54 93 90 56 29 
61 59 72 0 7 15 9 53 0 6 44 42 63 15 72 90 85 98 75 43 13 64 69 12 24 14 93 30 92 61 47 3 6 34 50 19 29 54 71 3 25 35 26 38 44 67 94 42 14 88 35 83 91 29 33 50 1 4 46 57 82 48 12 41 24 53 94 59 20 6 93 47 88 11 17 82 44 83 28 35 34 31 89 88 89 51 6 62 55 48 29 35 95 19 15 14 26 49 72 40 
83 56 46 57 0 93 25 36 95 90 56 64 51 74 14 27 96 91 25 28 44 79 35 60 30 62 78 12 71 58 33 46 92 44 98 21 59 82 68 66 1 74 78 8 83 78 61 98 68 4 88 76 38 32 10 60 92 55 19 38 12 23 0 61 53 69 13 75 47 22 48 30 34 40 28 29 43 38 94 3 32 99 22 50 99 88 41 99 89 73 53 8 49 65 78 65 47 87 16 3 
69 60 41 26 33 90 0 2 91 95 21 73 53 11 84 10 5 66 60 1 97 6 21 26 38 75 14 43 21 43 26 73 45 20 1 13 79 80 81 87 75 93 99 4 64 65 88 97 88 95 80 62 96 74 58 40 54 86 68 5 61 77 55 1 19 68 62 15 52 57 92 24 98 87 24 59 99 44 80 69 70 7 88 7 1 54 28 50 59 5 76 96 22 80 48 88 87 73 35 92 
72 26 39 5 81 70 38 68 67 21 68 67 22 77 85 58 34 46 91 4 67 13 23 97 59 73 40 12 96 82 45 99 59 15 1 66 32 77 99 90 75 92 83 44 67 21 49 5 49 5 68 30 79 98 0 50 37 95 64 39 83 45 55 94 36 43 75 63 79 49 38 53 5 44 57 6 54 96 70 70 7 48 74 44 83 55 47 65 16 15 10 11 4 90 81 97 33 18 91 69 
70 69 68 81 71 90 78 7 11 30 16 43 67 11 18 38 86 20 81 48 99 57 4 58 31 18 11 62 44 78 8 98 37 94 7 98 58 97 99 13 26 30 33 6 99 88 38 57 50 39 97 41 56 32 26 90 28 69 82 74 38 8 10 23 3 19 93 97 22 94 66 46 2 5 47 49 33 70 36 59 21 25 67 51 61 13 86 33 74 26 73 53 50 95 46 25 5 17 38 64 
55 60 58 37 97 75 57 55 78 31 72 54 32 41 75 82 55 63 58 94 38 41 9 83 90 40 55 70 7 0 29 52 16 40 72 1 21 99 80 40 74 40 68 32 3 80 18 37 54 99 9 96 41 16 60 45 64 10 77 76 85 19 70 86 6 30 10 72 71 9 7 20 65 52 74 99 42 53 72 54 38 0 68 49 88 17 40 89 86 23 41 70 74 67 41 48 25 85 63 29 
99 46 74 75 99 52 38 9 72 70 51 68 94 31 90 4 74 88 9 97 6 55 74 67 28 43 31 24 77 86 20 68 8 26 29 21 27 11 98 68 42 19 89 79 12 51 95 65 14 50 69 79 40 43 64 29 17 24 79 64 2 32 28 1 88 36 1 70 70 94 56 63 17 62 93 87 50 9 27 20 71 58 70 49 82 11 60 99 34 89 97 50 12 88 31 56 81 5 25 66 
84 20 43 94 14 32 83 25 37 77 63 37 34 49 39 18 86 42 4 5 91 95 78 33 86 69 1 41 84 36 18 21 29 34 84 45 8 39 24 23 37 18 70 33 75 27 49 61 50 9 39 55 88 70 24 56 73 84 39 48 13 74 6 75 37 72 30 52 22 35 59 78 85 85 81 74 54 39 47 24 36 75 94 41 40 17 54 69 29 33 72 54 3 3 31 73 71 93 97 95 
35 40 41 87 55 89 18 9 14 42 29 78 81 97 67 67 56 81 57 15 74 71 57 45 12 46 41 21 5 45 25 38 44 53 36 76 85 67 39 3 25 95 68 31 88 51 13 25 24 13 7 6 36 78 76 63 46 3 99 25 41 70 87 97 69 46 22 6 88 74 56 34 1 35 46 55 99 8 16 19 24 6 87 18 42 27 11 26 2 48 77 23 56 66 46 0 78 96 55 70 
76 63 79 99 83 6 30 90 24 24 25 69 20 55 90 59 93 10 34 39 28 58 59 89 29 53 99 92 99 59 65 59 0 73 46 43 63 23 89 4 76 20 11 44 28 5 22 69 26 14 47 55 24 92 9 89 10 12 96 31 39 58 34 96 50 2 25 25 17 46 77 1 7 36 11 62 51 99 2 24 74 16 16 41 46 40 36 93 81 10 91 62 95 30 49 39 12 3 74 20 
44 72 57 50 37 35 55 25 82 94 23 29 84 48 96 80 1 6 92 4 67 76 60 78 88 82 47 75 15 22 51 22 61 73 37 17 53 74 69 79 29 50 59 54 99 1 76 6 50 31 71 54 24 94 9 49 83 95 71 92 87 63 72 70 72 64 38 35 85 33 5 26 56 2 29 36 98 87 35 66 41 34 51 43 48 71 4 69 39 92 13 42 64 85 15 52 69 30 55 37 
27 15 45 12 78 63 29 44 2 83 17 24 6 5 19 67 35 40 77 73 31 70 42 45 77 5 22 8 60 99 32 17 12 12 99 67 33 12 68 80 63 81 59 60 0 73 72 90 20 56 82 16 22 33 72 17 36 31 92 90 44 38 58 77 76 77 70 2 75 42 97 78 41 36 59 34 29 81 20 44 40 0 73 68 29 92 94 74 15 94 58 70 3 23 96 7 90 86 59 45 
81 52 48 37 59 25 80 26 19 2 86 21 3 76 61 16 52 64 77 68 59 18 6 64 39 39 22 73 64 70 93 39 47 79 62 20 51 47 7 92 51 27 99 81 85 11 55 24 15 76 71 43 16 48 26 8 9 6 61 98 8 54 60 10 53 3 93 61 47 63 26 44 57 14 73 20 66 57 26 12 25 61 35 15 5 56 66 50 57 23 44 42 39 17 77 33 34 11 8 87 
20 21 80 39 89 31 95 95 61 23 2 44 44 58 5 97 48 1 65 91 42 95 83 97 73 64 54 64 79 96 48 94 74 28 9 47 18 87 33 28 91 77 43 36 54 16 98 63 35 68 27 77 50 33 66 19 66 91 33 8 64 93 3 42 52 44 14 93 5 30 32 13 13 74 38 48 88 23 73 27 95 69 84 37 15 90 62 96 41 81 50 87 81 11 4 59 36 94 26 82 
63 51 47 0 84 63 34 96 2 74 38 63 56 67 65 84 90 57 50 52 59 46 64 38 46 97 96 69 4 22 65 64 85 11 14 47 67 47 8 9 3 5 74 13 22 18 89 80 19 71 87 39 85 19 67 81 59 44 2 96 9 63 20 45 62 49 14 40 29 91 98 93 17 93 44 52 60 39 4 35 61 40 40 77 84 24 79 49 39 47 22 64 43 42 2 8 61 10 2 97 
69 15 38 9 26 22 52 83 11 34 91 8 34 75 57 50 27 76 13 28 27 43 68 30 94 11 55 52 41 45 14 69 60 26 88 34 63 84 19 80 87 30 52 38 36 1 62 11 21 48 12 48 19 80 65 80 57 9 80 95 47 47 66 8 10 92 70 90 80 9 71 14 32 48 58 19 88 81 60 74 41 35 44 27 91 73 12 67 66 68 8 0 75 16 15 94 31 7 70 51 
85 72 19 21 30 63 34 22 98 84 30 88 0 58 42 27 78 51 57 44 19 9 99 15 9 91 65 75 2 84 0 4 69 83 12 1 1 44 6 35 26 89 64 2 82 61 97 95 66 13 57 97 21 80 41 4 53 57 62 67 9 30 98 88 13 66 48 58 64 82 25 94 51 13 35 26 39 43 33 26 93 0 83 8 47 48 15 43 62 65 36 14 6 74 34 21 50 47 2 88 
48 90 36 55 75 48 58 42 91 33 62 98 20 59 47 27 7 10 0 60 81 12 90 60 14 39 71 74 30 27 27 27 81 44 14 50 16 61 57 93 65 10 65 38 91 15 10 36 47 13 33 31 6 69 72 85 97 67 2 63 25 16 21 3 27 3 95 31 47 25 73 54 22 83 46 54 38 28 75 82 85 70 80 16 85 45 11 97 15 94 10 56 97 30 94 49 21 24 43 99 
27 87 89 3 62 15 71 70 12 69 22 45 39 77 4 56 90 91 46 5 35 14 11 33 20 61 2 91 69 82 83 68 70 67 65 15 17 27 70 94 18 47 47 69 33 57 26 5 72 32 94 47 62 40 13 94 27 4 39 27 77 14 70 67 6 63 41 94 27 98 30 14 16 49 19 98 61 90 0 36 45 68 13 1 0 82 89 51 70 63 19 79 90 11 16 81 89 9 2 48 
32 29 71 2 82 32 57 76 50 82 1 6 67 70 49 1 25 4 2 69 85 87 98 45 24 90 2 0 57 81 43 81 75 16 74 11 48 95 86 11 99 26 5 81 87 87 49 53 17 94 12 22 32 28 6 79 27 91 95 38 98 64 37 97 37 38 42 43 30 79 13 11 45 77 49 83 40 70 10 28 24 31 76 7 18 77 25 7 18 45 31 21 62 50 71 32 2 40 48 51 
31 95 22 16 60 40 60 11 48 16 75 25 97 15 41 33 77 3 43 84 58 4 35 27 43 34 73 55 58 85 86 36 76 68 41 98 83 18 98 84 85 92 60 50 25 11 88 90 23 13 26 65 72 18 98 11 95 25 51 32 24 62 18 12 9 90 11 62 28 69 15 0 45 43 98 98 32 67 19 20 60 24 88 40 53 84 68 81 52 66 94 96 66 18 28 45 26 64 51 78 
41 37 28 74 42 85 64 5 14 58 4 45 78 23 88 92 72 1 93 61 7 14 97 80 74 22 30 82 74 99 21 48 75 31 44 2 8 73 42 35 34 17 70 71 20 43 27 73 96 83 78 87 35 60 4 14 17 2 2 86 27 46 66 6 50 47 68 0 33 40 0 16 62 99 10 85 81 84 84 3 96 38 58 47 34 9 68 28 62 41 15 71 71 62 69 22 90 36 31 92 
87 89 47 80 64 85 7 22 78 93 51 30 17 99 30 77 54 33 88 85 51 84 2 28 15 46 62 58 55 75 61 58 68 69 38 87 17 10 41 36 47 55 32 2 35 54 85 29 64 83 8 76 91 94 22 69 23 35 54 48 8 67 46 58 50 31 38 97 65 71 89 62 8 61 76 4 2 82 7 71 20 15 16 31 93 96 31 86 75 77 32 23 18 69 71 32 2 68 89 39 
51 20 50 48 36 44 74 78 66 55 12 19 66 94 13 9 38 37 13 19 74 23 28 11 85 65 11 73 75 84 17 35 29 64 24 94 29 79 30 5 82 67 9 5 30 24 75 66 46 54 45 92 73 1 18 7 85 58 43 19 43 50 22 78 49 72 35 48 33 79 61 30 43 35 1 78 27 17 92 26 36 42 2 77 16 81 91 73 26 48 29 59 96 50 46 89 68 31 40 6 
81 0 94 63 9 70 52 64 58 91 98 13 2 54 85 62 95 68 78 68 19 21 3 98 15 41 47 58 46 26 18 81 97 37 33 46 12 70 23 13 15 41 40 47 34 34 89 19 26 81 60 53 81 22 21 22 96 19 29 39 43 92 13 67 52 58 63 21 16 59 69 15 70 33 7 48 65 13 38 65 41 42 56 14 64 54 33 1 59 87 34 51 26 26 30 9 76 40 79 62 
28 50 70 52 51 75 1 36 27 84 84 2 95 79 2 12 24 74 21 85 39 58 56 13 97 47 36 32 15 3 85 8 86 83 7 79 73 49 36 63 92 94 76 16 61 33 42 67 85 69 60 8 98 84 63 11 26 0 60 78 2 70 34 31 68 17 51 71 6 76 36 46 32 84 53 69 67 80 1 35 43 77 19 21 42 56 1 28 90 85 88 5 57 38 89 67 19 9 2 54 
0 87 72 35 90 13 55 47 25 7 46 69 93 30 97 20 72 42 64 12 65 25 38 83 20 83 22 87 54 98 57 99 63 51 24 11 79 38 11 44 2 7 57 87 72 18 18 85 4 15 87 11 98 5 25 38 50 48 85 93 63 53 2 94 57 47 16 55 15 35 48 74 16 79 59 75 84 50 71 80 73 23 87 73 43 96 54 5 60 21 11 52 32 66 60 11 61 25 89 81 
82 71 54 68 41 64 55 15 69 64 70 17 73 21 54 42 50 95 60 4 83 99 7 65 54 52 40 34 42 77 89 67 71 6 77 34 2 77 25 93 70 56 62 88 10 6 63 66 80 90 39 2 37 14 94 30 57 47 52 67 85 4 11 24 8 90 62 31 11 7 94 88 69 42 48 5 81 45 27 85 89 24 84 21 26 9 66 76 41 84 31 26 98 46 92 96 51 92 48 37 
0 50 1 80 48 96 30 92 2 51 8 80 76 65 45 24 80 69 70 3 6 51 9 12 73 82 50 90 1 15 68 43 20 41 26 16 60 53 3 89 76 8 77 21 75 74 41 95 5 82 59 72 23 55 43 39 89 33 12 16 26 77 17 89 44 92 29 42 29 67 55 89 93 39 18 85 20 35 9 30 34 79 31 9 1 33 20 4 44 62 19 81 30 22 51 96 28 89 83 1 
46 19 39 26 27 44 28 45 52 51 23 46 87 32 97 12 84 44 25 56 24 6 86 89 52 87 54 70 52 21 3 37 9 12 66 26 7 97 46 71 79 91 14 1 0 54 13 35 20 5 96 21 34 73 9 12 6 0 75 96 12 23 50 26 16 42 44 55 13 75 88 37 81 74 42 76 65 97 12 8 25 88 7 13 66 46 96 22 2 76 85 78 60 33 31 72 68 63 74 67 
49 69 19 10 5 13 28 32 89 20 4 17 86 24 58 90 64 17 0 20 61 56 20 69 31 31 94 20 5 81 87 96 3 4 46 93 37 44 23 75 74 92 48 88 61 2 75 62 91 19 48 8 66 71 45 99 50 38 3 72 35 64 75 28 46 51 21 88 99 94 3 66 66 20 77 8 76 33 48 20 0 24 85 87 43 78 19 54 93 18 99 33 1 37 23 26 7 84 8 62 
16 79 77 78 69 21 37 97 60 86 60 72 95 75 61 90 50 88 26 32 24 38 65 40 21 80 14 38 2 87 16 79 48 77 76 2 9 14 51 75 12 88 92 5 0 97 74 15 16 6 51 79 58 75 97 63 77 64 88 64 63 86 64 71 26 49 96 73 25 32 24 62 70 24 47 93 91 14 36 91 9 60 33 26 33 44 72 4 90 21 85 80 9 74 53 2 20 90 94 49 
48 79 67 74 4 33 61 55 63 28 97 19 97 33 80 16 3 38 41 93 51 69 2 50 82 93 58 68 64 41 57 65 95 30 72 95 60 48 98 95 70 50 59 58 52 33 89 47 45 20 68 0 54 85 34 50 8 55 31 97 99 9 29 73 66 6 75 5 12 93 83 98 46 26 98 3 81 61 87 58 87 63 30 56 61 4 70 40 0 80 8 49 37 88 87 73 17 30 61 88 
44 79 67 30 80 49 0 80 66 73 30 45 77 47 14 88 41 84 25 28 22 26 98 85 89 30 97 49 23 71 85 57 74 43 31 76 16 14 35 16 85 17 2 80 50 23 16 30 62 41 11 6 30 64 56 95 41 45 94 1 14 68 19 90 56 80 17 32 81 94 78 67 90 95 48 87 63 87 81 41 32 48 0 15 59 0 18 4 75 30 67 9 36 2 80 64 84 7 63 15 
93 0 54 25 71 38 7 38 88 41 63 17 59 1 61 73 38 83 93 1 84 11 6 69 90 60 95 24 16 35 33 87 18 17 30 78 83 64 48 89 21 90 97 50 54 55 57 22 44 36 40 76 92 36 58 29 32 8 68 12 48 29 85 94 13 40 50 14 21 82 65 9 42 53 24 32 3 55 76 12 75 56 59 15 95 9 99 49 1 11 84 38 86 13 77 62 86 2 6 21 
82 59 85 84 87 52 70 87 56 36 39 81 47 46 63 73 92 25 70 6 27 47 70 73 29 66 25 37 96 43 99 51 34 87 57 15 39 83 66 39 34 91 25 79 2 19 43 65 85 4 34 94 20 68 98 24 84 28 3 77 29 46 44 56 45 48 31 55 75 19 92 77 96 35 42 40 62 26 35 81 44 23 87 87 49 65 89 97 96 60 21 24 47 0 29 21 90 12 14 66 
87 36 5 87 72 45 26 47 72 60 52 0 78 50 86 7 66 35 2 95 45 82 42 33 75 0 95 60 11 43 10 34 55 89 40 58 24 85 78 64 96 89 21 74 98 76 14 64 79 86 13 22 11 37 31 12 17 51 53 90 54 62 16 54 46 35 9 43 21 74 54 71 50 16 10 15 86 50 15 44 79 97 6 78 49 58 11 49 69 28 96 24 68 44 26 5 46 41 37 24 
67 60 76 32 6 25 67 39 92 11 66 85 47 20 14 99 48 5 98 80 10 52 62 9 73 58 27 85 25 16 95 87 2 81 26 91 51 6 89 90 38 88 66 74 16 52 76 17 33 25 41 93 74 15 65 24 24 32 68 69 12 7 95 47 38 94 15 8 30 52 43 48 78 4 79 79 68 61 81 32 66 22 78 88 79 48 68 79 47 45 95 85 51 71 30 51 86 54 79 95 
39 34 14 89 40 68 30 84 11 54 92 41 11 30 47 49 66 91 40 85 68 38 11 73 74 68 3 81 31 99 55 8 62 62 60 90 90 16 37 57 3 16 17 74 38 98 80 44 58 26 32 17 88 74 17 61 32 69 30 84 93 29 2 23 99 52 23 57 91 75 51 46 22 71 80 60 17 40 0 54 73 6 72 17 39 10 8 85 30 86 72 4 60 1 77 97 41 65 19 67 
