14 26 77 15 1 81 78 60 58 56 27 77 37 62 33 24 29 90 40 37 28 69 31 53 28 63 62 0 62 65 42 25 64 44 89 44 88 85 22 68 35 74 77 58 40 60 97 78 61 81 97 21 34 75 26 39 88 50 7 53 24 59 66 37 17 26 82 97 23 97 0 78 65 41 27 62 52 12 63 83 48 11 28 57 48 39 82 70 77 59 16 61 76 92 43 73 21 27 52 18 
30 34 81 12 31 97 48 32 29 35 68 11 38 98 4 82 86 67 41 90 27 41 59 43 86 87 67 4 87 60 20 68 52 23 40 28 87 75 72 27 53 85 66 31 15 47 61 78 19 71 50 3 78 5 98 98 41 37 48 97 36 60 69 89 87 33 69 17 55 95 28 25 87 29 20 77 63 25 32 15 36 40 41 49 6 18 61 80 82 77 38 22 25 56 43 39 17 71 0 67 
96 68 70 49 46 71 38 82 74 85 72 7 81 2 87 33 86 5 30 84 6 52 67 78 76 64 83 92 46 18 82 29 6 99 49 6 3 93 73 15 39 78 37 20 86 92 71 57 4 46 91 94 23 10 9 97 49 59 20 38 64 65 71 93 85 79 10 54 50 13 56 38 23 2 40 68 30 55 25 59 6 80 83 73 1 42 87 11 78 6 18 16 14 73 69 42 68 93 95 28 
26 91 63 85 90 53 92 49 19 38 22 5 49 3 11 67 62 13 30 16 61 60 2 45 23 82 22 28 29 48 35 52 33 64 47 50 44 84 29 6 7 34 49 29 57 1 42 39 44 26 16 76 71 70 55 63 44 67 57 67 42 77 31 26 17 7 75 31 57 35 52 67 3 74 2 97 21 19 68 98 77 62 32 51 49 40 89 89 9 49 74 76 20 36 70 70 83 2 23 86 
68 5 88 75 71 63 58 75 43 24 77 38 35 40 11 37 68 29 48 55 10 83 26 33 43 4 40 85 87 6 12 77 26 87 57 56 91 81 4 26 17 74 54 32 55 21 63 59 11 89 1 13 18 74 68 87 98 50 21 85 37 49 77 95 43 56 43 85 98 79 4 46 84 17 10 40 20 72 11 7 60 97 11 95 99 57 73 83 39 37 22 71 97 71 94 0 39 89 27 50 
81 53 3 31 16 62 17 35 4 2 55 74 69 21 39 49 31 17 55 99 56 82 46 23 14 47 19 80 34 78 80 60 48 73 20 41 20 37 76 71 65 59 40 17 92 48 4 71 83 73 76 44 78 28 25 38 57 34 89 91 19 74 71 1 59 8 91 36 78 97 18 53 16 66 57 54 22 27 54 41 43 55 76 63 69 8 20 94 50 88 79 89 88 89 94 42 30 81 24 8 
36 55 31 2 53 20 38 11 22 97 1 20 50 32 1 63 28 78 50 21 65 44 50 94 39 24 75 3 93 10 76 81 83 10 36 52 64 24 32 71 58 87 82 18 2 14 49 51 61 85 67 94 98 10 1 90 37 67 34 89 3 59 82 79 39 23 44 89 84 91 62 21 96 49 96 60 41 85 91 33 6 1 80 72 64 68 80 65 54 69 13 78 33 1 18 90 28 77 31 12 
39 5 64 11 77 94 39 91 4 36 48 48 40 24 28 97 29 39 43 36 61 67 26 8 43 48 77 3 13 13 2 5 39 93 18 92 41 54 0 33 75 0 79 32 11 67 79 92 15 53 63 85 35 25 9 89 81 83 26 4 91 63 52 31 81 87 17 80 0 91 62 92 30 17 60 89 67 13 61 97 95 82 19 26 25 62 56 91 10 35 46 78 31 82 41 72 49 96 64 23 
34 50 5 23 92 30 76 55 59 60 31 0 96 2 3 41 77 22 97 89 20 67 59 78 2 47 89 23 46 32 40 33 94 6 2 29 42 95 89 62 13 64 8 37 32 96 88 44 43 74 20 78 81 24 3 87 79 97 81 96 98 86 72 58 33 21 88 0 81 73 10 78 19 10 37 96 69 92 21 45 81 10 71 72 18 85 57 20 73 25 92 51 79 19 64 74 11 83 59 35 
91 0 24 35 6 2 25 45 60 23 62 58 81 77 96 30 79 39 50 27 63 14 95 1 18 66 32 61 52 69 75 86 44 83 97 97 6 3 44 68 45 61 84 90 73 52 34 60 28 50 49 55 66 9 89 0 99 40 5 60 20 83 53 53 2 7 36 28 86 65 54 97 84 85 1 17 87 62 18 86 48 53 70 16 2 5 2 57 57 25 86 13 82 48 76 84 7 27 65 57 
20 38 84 48 20 20 44 82 24 64 42 16 80 92 74 21 95 95 22 28 82 44 59 93 40 48 85 79 24 8 13 78 46 83 53 54 87 93 50 91 23 33 65 6 48 53 64 16 69 91 70 22 48 97 21 9 68 25 19 82 5 90 27 85 9 99 9 57 71 5 37 15 58 43 68 92 28 25 24 76 87 64 89 89 84 57 11 63 39 8 74 26 54 48 59 36 93 64 97 91 
41 68 68 62 39 83 33 95 88 11 82 77 83 75 55 67 6 4 13 29 68 20 78 17 63 39 46 25 77 86 52 30 25 65 84 33 47 71 67 85 8 81 43 28 23 43 69 42 82 58 24 42 37 39 52 20 39 86 31 7 51 30 74 36 67 52 35 98 66 83 38 47 27 83 58 67 80 45 94 16 32 81 51 37 96 1 47 76 16 58 2 5 5 16 60 84 62 62 20 26 
48 14 79 14 34 38 56 99 29 80 54 72 63 8 46 16 34 67 7 43 76 30 96 9 64 91 29 65 63 35 12 17 84 21 45 68 73 74 43 96 84 5 6 42 72 49 42 46 43 89 37 63 55 83 91 70 92 24 33 21 42 50 65 4 0 51 24 43 8 94 5 63 55 4 92 41 3 52 78 59 51 6 72 90 43 40 46 44 89 74 85 39 87 60 74 53 26 73 65 86 
54 7 38 34 63 12 95 99 92 10 74 19 22 51 40 30 51 98 94 15 91 58 55 27 10 92 19 94 27 83 11 24 49 96 48 11 60 94 12 63 59 87 98 58 55 47 66 6 6 61 49 67 1 52 82 69 74 15 17 89 71 96 98 71 47 86 57 60 6 1 13 61 43 86 91 36 23 7 33 17 25 72 38 16 64 87 91 69 29 5 3 68 65 89 27 54 57 8 29 83 
92 78 25 37 37 88 40 17 98 34 89 85 44 84 30 78 92 83 44 79 77 77 85 25 19 61 56 85 75 67 70 75 84 60 1 84 21 12 46 93 92 57 42 77 51 88 71 69 33 57 92 99 75 88 19 22 75 1 44 52 17 11 70 67 80 4 91 44 95 19 19 93 17 96 61 41 21 85 23 34 70 45 47 82 99 1 38 82 50 24 4 99 82 91 60 25 17 93 9 6 
79 9 81 39 56 58 77 13 16 14 90 51 93 74 22 54 76 89 54 97 60 35 18 50 95 67 17 8 67 68 59 46 8 25 0 57 94 76 51 37 50 24 18 34 60 61 16 68 92 95 89 91 61 93 89 41 28 9 96 44 41 57 75 85 44 48 18 1 92 41 66 45 24 2 5 57 64 17 98 85 45 8 77 20 44 87 21 96 9 58 61 93 85 15 87 93 65 33 29 29 
35 34 74 50 94 77 87 98 37 7 58 83 60 51 29 4 2 25 43 51 54 97 24 47 81 87 87 24 36 12 33 59 58 26 83 46 99 53 82 31 11 23 18 92 9 93 5 31 0 74 10 59 63 80 42 30 46 8 57 48 40 55 8 81 24 82 66 42 1 5 84 30 25 76 30 86 55 10 38 53 36 91 11 54 55 7 14 99 4 71 47 15 51 8 80 45 68 17 90 67 
46 86 33 34 84 39 68 95 80 13 43 91 82 59 24 53 71 47 21 8 79 28 97 92 91 87 84 69 95 13 47 27 67 83 79 82 0 7 6 90 50 27 77 91 12 83 59 57 71 48 17 14 98 81 9 62 5 53 1 4 81 99 62 48 84 33 20 44 17 33 11 95 86 15 42 74 32 58 52 81 35 25 72 70 95 1 49 23 25 6 22 98 2 37 50 0 5 72 95 91 
87 60 80 17 28 46 88 85 59 5 33 20 62 39 34 26 68 38 76 22 99 53 51 99 74 7 91 73 89 47 57 23 94 89 32 10 4 31 7 74 73 36 64 56 74 57 89 4 58 9 79 23 99 74 37 55 12 16 94 38 14 46 37 8 93 11 23 13 93 55 1 19 94 50 64 16 73 20 11 50 69 13 37 2 80 27 38 78 5 93 58 15 46 62 7 14 45 7 29 78 
97 78 20 98 10 40 50 11 20 43 48 50 12 47 30 87 19 37 92 12 77 94 79 39 38 99 23 6 78 85 27 6 66 63 60 93 80 21 33 3 27 47 54 50 68 26 94 22 80 11 51 70 88 94 17 60 61 96 82 14 24 4 52 15 41 86 87 43 65 1 17 31 26 96 3 32 22 27 30 32 11 91 6 58 34 29 25 13 9 6 95 67 83 89 1 70 81 61 23 24 
66 10 71 23 68 25 10 43 24 82 1 23 16 25 97 53 82 60 50 46 24 84 46 97 94 47 32 55 32 41 59 79 80 2 21 15 58 78 68 59 98 14 27 52 82 10 8 64 33 35 33 23 39 95 4 97 98 83 35 67 92 57 4 14 82 89 58 68 88 9 48 92 38 35 93 60 87 74 0 61 63 29 13 93 38 11 12 93 7 52 22 52 15 75 73 68 11 40 99 80 
2 39 66 86 39 18 14 65 89 92 80 18 12 71 22 50 93 43 58 79 1 7 3 40 71 39 62 13 10 15 58 76 64 71 50 49 32 91 95 73 73 77 32 37 92 52 84 71 28 44 75 13 64 88 84 73 84 34 79 86 28 97 74 24 58 75 5 21 54 37 70 34 39 16 21 24 87 81 24 53 18 41 10 85 15 22 65 81 68 84 9 89 81 95 51 77 55 99 50 42 
9 69 5 18 74 70 86 46 80 98 57 2 29 34 83 86 12 1 4 70 86 20 15 91 89 72 86 65 44 32 14 53 40 51 23 40 87 74 79 38 28 94 59 11 43 65 31 68 81 2 59 2 21 14 6 92 75 85 70 74 69 2 67 56 57 74 13 99 7 73 64 34 87 54 39 21 65 16 65 55 87 29 13 80 78 48 0 93 33 45 55 34 94 8 31 56 10 86 54 45 
12 15 86 65 53 85 96 55 82 43 9 62 25 73 79 96 49 39 95 24 25 89 26 95 34 31 34 22 80 60 22 41 2 23 28 63 57 19 26 84 72 75 99 79 69 19 96 86 41 50 3 83 84 81 90 84 59 18 50 88 91 92 22 67 99 98 23 60 65 14 86 62 97 16 16 22 89 43 64 6 88 15 74 0 46 68 19 12 91 26 33 88 67 33 52 83 9 75 14 16 
15 16 27 60 74 45 83 41 94 40 16 24 4 10 42 5 14 94 77 77 7 22 47 89 0 96 74 1 26 35 89 27 16 93 29 30 71 78 73 49 64 2 6 92 26 16 50 57 66 93 61 86 67 11 34 54 53 12 8 13 28 29 80 54 8 10 68 4 76 77 64 30 79 75 56 10 10 25 55 15 12 18 91 99 55 5 80 81 27 10 5 96 48 54 32 55 7 51 45 33 
32 40 51 64 91 28 46 30 32 0 20 9 69 52 17 24 38 23 52 1 26 70 9 72 5 41 0 23 60 23 59 52 33 39 3 28 55 23 51 17 88 46 93 94 53 33 85 49 37 93 59 74 22 99 92 82 73 99 84 15 56 94 35 6 61 91 38 68 96 12 75 49 25 74 95 26 51 53 34 82 28 85 88 28 59 93 91 15 42 80 97 21 83 90 60 92 49 83 15 62 
74 3 82 60 80 5 93 29 57 69 32 43 39 36 7 55 80 73 33 73 57 3 94 63 1 88 50 90 21 44 38 16 53 95 1 92 41 31 99 91 29 21 76 5 50 1 92 83 2 19 42 46 18 65 11 27 70 95 81 60 80 10 60 40 1 80 83 75 84 51 5 32 32 76 57 82 61 98 68 0 46 98 39 68 77 73 93 35 25 41 58 83 92 24 7 8 21 3 80 51 
69 41 80 72 98 59 92 79 27 27 66 98 29 3 67 57 69 68 99 6 0 42 48 13 99 71 54 94 87 4 37 46 11 82 35 96 67 85 95 81 53 57 67 97 82 18 70 80 20 5 29 55 65 79 11 28 38 74 50 33 41 78 56 3 44 98 30 54 43 59 76 18 35 36 25 22 28 50 17 52 8 41 0 68 29 16 4 18 93 66 25 33 32 78 40 77 54 16 34 27 
1 44 39 40 85 79 78 23 34 95 7 7 62 12 35 60 72 80 78 89 72 87 86 26 39 11 18 74 18 41 62 68 90 93 78 10 2 15 6 54 33 78 64 56 34 89 38 79 5 20 77 63 34 16 86 84 84 82 12 85 59 85 38 87 58 17 23 7 72 43 63 33 65 11 76 63 27 21 57 5 14 7 42 78 25 5 88 7 89 78 41 10 27 63 67 34 57 86 61 29 
69 72 55 10 2 29 60 40 31 63 53 50 53 38 75 53 11 19 68 27 11 84 18 5 20 3 32 51 11 21 41 19 50 81 30 99 87 93 91 47 88 44 29 94 79 68 39 24 77 90 10 76 82 4 50 70 59 2 93 84 75 40 6 69 63 59 10 86 70 54 10 60 95 67 2 14 84 74 59 7 94 61 15 54 98 69 73 90 16 4 87 44 14 19 96 55 4 38 1 82 
97 53 47 71 36 9 98 84 99 24 21 38 24 49 58 90 95 32 51 63 51 52 65 71 24 18 43 69 92 85 18 67 57 58 0 21 11 22 91 81 58 13 72 97 41 77 59 78 76 36 77 6 76 3 87 41 9 59 76 51 32 12 22 85 6 24 57 0 11 29 97 78 95 54 21 16 46 42 51 15 50 18 70 84 54 52 94 93 37 21 86 21 16 37 16 16 35 63 1 81 
9 62 10 49 51 22 6 43 55 84 45 94 30 1 46 75 74 0 36 69 83 6 90 87 20 49 84 68 10 49 80 17 69 30 40 32 2 50 26 38 40 14 61 73 25 38 82 8 72 58 75 5 93 74 35 1 44 19 19 49 93 7 66 10 7 45 35 97 92 57 6 81 93 85 36 78 90 1 81 28 8 11 19 71 13 43 25 32 4 17 27 35 21 24 64 50 55 26 25 50 
4 56 36 65 21 56 77 32 43 85 43 30 26 15 19 4 92 50 0 98 3 55 94 98 66 9 32 68 69 70 52 58 24 51 31 0 58 27 44 58 10 14 29 53 89 1 71 4 17 66 21 0 66 90 80 78 36 29 1 47 88 45 35 20 6 1 35 44 18 44 70 78 81 34 62 59 50 10 19 7 46 40 47 23 69 50 60 12 42 42 20 89 9 26 71 74 7 90 57 3 
6 17 34 79 53 78 90 19 45 53 80 46 37 23 98 62 8 70 50 38 34 28 39 41 12 97 35 15 23 27 28 35 77 38 28 81 94 77 61 89 66 51 53 51 88 49 23 64 66 26 82 89 94 92 33 67 97 15 47 11 85 76 44 11 9 68 84 36 71 77 48 41 21 99 14 88 97 46 97 95 81 36 29 70 43 98 7 79 16 44 72 90 27 28 30 50 96 15 87 28 
25 54 18 63 42 30 84 51 32 67 92 98 39 22 78 80 72 65 92 5 44 91 20 48 51 96 68 26 55 18 92 73 65 73 68 23 44 56 26 38 67 52 40 68 85 84 93 50 43 38 16 57 6 33 45 81 34 84 9 54 22 65 4 87 1 58 57 41 32 56 52 76 76 0 34 15 79 59 82 46 50 48 99 59 18 57 47 82 16 19 58 70 17 50 70 51 49 88 1 17 
26 55 19 24 5 36 65 98 5 95 66 67 63 24 26 23 76 24 37 45 80 85 85 90 83 2 50 11 27 31 48 67 38 16 22 76 68 39 82 25 30 11 45 72 48 46 8 38 0 34 3 59 8 95 21 14 50 32 80 48 57 85 43 92 95 11 77 55 50 82 96 84 75 67 25 27 81 21 86 42 97 62 77 85 18 45 59 22 96 18 45 71 97 99 21 2 15 54 36 85 
38 25 15 84 16 64 32 23 36 45 90 60 57 56 8 77 35 94 85 78 58 48 4 58 41 84 46 30 96 27 36 54 58 19 71 43 13 46 29 88 27 8 54 29 94 42 83 25 83 23 81 94 88 19 61 51 85 70 47 21 63 58 88 86 36 76 29 66 82 93 29 14 36 19 66 67 37 13 38 47 58 3 27 99 29 67 69 92 31 49 43 69 24 48 85 33 69 29 80 73 
55 96 86 58 81 81 44 12 73 44 18 1 59 63 90 35 7 35 87 55 50 2 18 84 38 5 58 15 25 70 40 33 19 51 2 10 51 20 70 15 72 40 82 2 56 23 38 63 36 40 55 79 13 33 17 93 23 76 23 17 40 46 94 92 15 31 89 59 37 84 51 75 92 60 98 1 51 26 99 92 17 73 25 36 65 37 43 3 9 18 4 89 85 62 13 88 3 12 2 93 
69 18 92 10 78 58 46 84 21 41 62 76 2 67 26 29 18 67 64 4 53 58 38 80 42 82 1 99 63 81 45 65 9 49 88 15 26 70 87 66 41 23 46 25 31 62 66 28 24 66 45 3 95 37 72 7 85 25 59 59 94 30 62 61 26 3 67 6 88 2 56 27 29 88 27 58 63 69 95 36 98 3 4 20 95 62 98 16 31 35 10 79 50 93 14 67 92 89 82 79 
32 35 2 15 67 46 13 14 12 8 79 53 34 34 64 95 0 86 21 21 68 81 10 86 69 12 68 65 79 77 15 78 49 59 84 42 77 23 41 79 76 76 25 47 86 74 2 44 76 69 56 0 15 55 8 94 76 99 4 5 99 31 13 31 16 2 6 20 13 7 39 88 40 41 53 15 19 95 60 71 9 42 63 99 34 72 15 94 19 11 50 2 63 99 9 14 61 68 84 94 
72 11 65 93 11 10 28 87 96 62 73 60 40 77 15 93 83 5 67 30 94 43 75 35 24 55 41 51 68 32 15 70 81 35 5 26 47 0 93 96 55 95 5 44 60 91 26 58 63 85 0 58 52 1 95 86 34 34 0 87 73 78 34 93 10 38 74 3 58 70 69 3 99 37 17 37 15 72 27 2 42 1 43 86 34 58 36 66 49 58 78 40 32 67 93 4 57 36 49 56 
77 81 86 34 35 57 60 4 71 80 87 65 56 97 51 2 65 68 36 51 61 8 92 51 84 63 21 73 99 39 64 97 88 41 90 86 8 14 51 26 14 17 28 19 12 8 9 78 18 91 78 53 33 87 21 9 94 5 57 74 76 8 53 91 95 61 5 16 66 57 64 97 14 94 41 36 23 94 63 35 96 23 23 12 98 55 73 48 10 74 53 77 68 2 76 80 90 25 25 51 
24 26 5 63 63 29 3 88 2 72 88 7 46 70 9 36 24 2 49 90 32 57 38 20 90 95 20 25 16 63 68 78 72 52 41 14 7 10 64 75 98 50 17 47 7 83 23 34 51 66 12 34 47 15 19 38 27 59 69 71 3 72 85 23 64 24 65 64 9 7 22 33 66 27 16 56 0 12 90 8 19 83 54 63 32 51 16 30 68 55 35 72 1 31 49 5 61 53 0 36 
20 53 53 63 97 24 76 80 73 22 20 31 40 10 96 79 48 6 94 66 3 67 55 6 15 18 35 48 27 76 30 2 77 99 40 31 46 53 17 89 18 12 96 40 61 95 85 29 73 32 92 77 60 34 32 27 64 25 35 68 94 84 32 18 72 62 15 2 46 53 88 94 87 26 14 37 67 9 29 41 75 84 66 27 5 57 26 41 30 13 18 85 97 62 81 91 81 5 22 41 
97 16 31 90 15 50 51 24 46 80 0 31 76 94 12 80 4 91 29 3 3 22 30 51 78 85 77 39 35 62 14 10 99 27 17 59 91 6 90 67 22 66 31 59 46 36 75 32 63 17 58 80 36 59 66 82 75 18 84 2 15 41 21 71 24 62 79 28 59 58 31 32 22 4 81 69 15 51 10 79 52 38 29 26 97 12 91 58 37 85 27 94 26 59 58 87 15 20 11 5 
79 79 15 85 76 69 7 21 93 30 14 14 83 83 80 8 42 7 91 63 76 29 57 52 57 40 10 81 85 58 0 82 35 48 28 56 50 47 23 91 81 31 65 95 38 36 81 10 10 9 21 9 79 23 23 24 83 47 11 83 46 55 99 3 26 87 5 40 81 22 76 35 30 54 53 15 64 40 99 64 99 25 89 9 0 26 31 10 35 17 4 48 18 84 19 88 9 53 19 1 
9 35 3 94 82 76 78 99 80 28 23 18 23 69 8 73 97 91 55 91 92 97 82 0 21 4 64 45 25 16 60 99 9 82 74 22 91 13 18 69 11 23 75 68 15 97 73 47 31 93 91 29 59 72 76 95 46 4 70 94 67 84 95 26 95 50 16 25 6 52 95 47 49 74 37 95 31 70 56 69 66 65 65 70 24 2 66 21 23 60 2 39 18 41 33 42 13 52 21 21 
91 90 81 87 21 84 53 25 10 92 74 53 1 31 67 8 27 86 8 66 78 3 47 33 45 73 65 3 52 87 42 48 30 66 50 43 29 18 93 35 14 38 54 2 10 38 45 89 64 0 39 14 80 26 25 78 99 15 23 1 0 84 58 56 94 25 64 66 71 60 92 54 57 93 4 55 95 90 9 36 14 93 38 86 33 8 53 55 89 1 19 25 13 26 9 79 9 50 90 76 
88 89 43 20 4 48 41 54 37 16 1 56 15 85 98 64 76 26 2 1 75 44 46 93 54 18 99 32 85 2 77 20 20 69 68 59 43 36 59 34 80 36 52 43 17 7 85 97 86 71 76 95 5 63 3 62 20 28 61 15 51 81 48 16 79 61 85 41 14 28 1 31 40 25 91 68 97 96 17 70 76 32 76 68 75 50 70 49 48 43 55 72 27 94 7 11 13 81 41 60 
8 5 52 49 36 20 77 19 46 64 86 93 60 21 25 66 40 7 40 72 72 7 63 35 80 54 70 53 5 32 41 15 39 87 42 52 26 9 58 32 46 25 94 16 90 37 79 20 73 40 80 17 68 94 39 48 4 52 30 86 8 47 55 62 73 1 14 76 0 75 82 95 95 42 91 50 92 41 87 37 98 97 6 31 46 93 58 39 37 81 90 91 82 78 78 0 95 84 85 53 
87 90 90 76 82 45 37 38 89 80 92 79 95 67 75 29 52 59 92 84 80 12 67 42 19 4 35 51 76 43 89 79 19 20 85 59 11 43 70 58 8 27 66 89 96 45 26 93 71 66 74 7 13 90 56 84 15 25 13 78 10 95 0 19 31 46 32 45 42 47 8 85 82 81 77 23 84 5 39 2 55 10 67 16 72 62 93 25 69 2 60 65 7 63 42 35 29 50 54 12 
87 82 78 27 79 63 54 89 32 52 42 68 60 52 92 4 12 26 98 6 87 51 48 76 32 80 77 21 51 0 39 61 45 39 85 92 70 16 52 44 33 40 40 67 14 36 67 37 78 7 64 65 39 11 86 92 37 50 83 71 10 88 67 73 1 91 48 84 29 77 56 22 28 61 48 43 76 33 38 9 62 15 66 44 34 83 69 7 58 16 52 11 54 97 51 6 27 45 95 75 
66 74 44 12 84 15 27 72 48 72 13 86 80 98 20 9 19 19 94 34 55 66 46 99 99 31 94 42 15 86 66 69 30 54 26 18 16 72 84 26 32 4 58 54 68 7 91 2 76 65 11 33 35 62 79 25 64 23 28 71 77 6 14 2 69 94 70 89 63 15 35 81 97 6 7 15 46 71 17 54 55 92 6 13 32 1 75 80 42 29 81 71 8 68 2 42 39 25 38 27 
14 30 76 9 54 45 16 87 21 94 21 69 13 58 23 32 92 94 32 83 57 60 10 33 61 13 6 58 60 68 24 82 13 14 48 47 13 78 71 69 54 15 64 78 74 16 68 32 56 55 32 56 41 17 99 97 72 52 43 48 27 2 80 84 56 34 34 97 24 85 54 73 61 86 56 15 98 73 75 68 43 72 98 54 26 95 90 18 1 6 12 9 69 32 88 83 27 66 98 65 
68 73 8 99 74 64 16 79 85 94 40 79 99 42 99 93 48 11 25 2 56 2 58 42 86 86 58 6 61 96 49 81 69 70 70 91 13 81 77 98 34 2 85 19 18 5 14 57 78 4 39 4 33 9 63 41 78 47 62 64 47 46 70 51 83 98 39 13 85 8 14 36 82 78 96 23 17 68 3 98 93 43 97 92 83 35 29 36 20 23 62 55 61 80 29 69 38 31 7 73 
83 90 15 22 37 25 20 79 64 19 34 97 37 48 85 50 43 63 67 54 86 16 56 86 99 39 99 69 29 5 98 99 87 14 12 14 43 4 66 86 83 16 24 68 94 66 94 83 69 17 30 87 86 47 63 17 9 66 67 50 89 45 61 67 29 41 18 73 80 67 1 94 45 24 32 92 79 34 33 69 69 27 53 30 5 31 36 56 26 19 33 72 58 98 75 65 97 71 20 23 
95 57 57 39 16 86 26 13 50 79 16 41 38 30 12 5 91 38 17 59 71 87 5 31 72 41 12 70 26 11 86 57 10 6 26 63 74 48 59 44 29 54 10 84 94 73 64 71 68 96 49 98 21 40 40 54 43 2 73 0 78 13 93 97 15 40 97 99 56 30 90 27 45 98 47 56 71 42 43 16 91 26 97 29 33 54 69 35 14 0 53 29 63 31 0 97 99 5 49 27 
14 97 23 40 62 48 88 39 58 93 96 96 90 36 59 21 58 77 5 66 2 84 44 75 46 62 39 79 61 5 95 7 23 17 43 21 80 92 20 27 95 31 44 63 59 61 58 28 63 31 35 5 27 85 31 8 46 77 91 29 31 37 37 84 13 1 77 48 2 45 91 30 45 96 57 38 67 58 46 83 99 83 95 73 9 0 61 46 1 53 47 34 79 20 77 16 26 98 33 92 
69 43 82 38 22 67 82 3 49 74 72 71 75 67 93 94 8 8 74 23 1 45 75 10 42 31 43 45 99 99 60 57 58 84 64 97 92 68 11 79 47 50 43 90 51 64 58 57 83 86 75 54 91 75 56 8 96 38 89 29 84 5 89 15 14 17 69 94 12 97 45 47 35 13 95 58 7 25 21 80 36 66 95 71 35 79 16 10 85 32 33 6 21 87 92 1 88 57 93 37 
86 56 67 89 62 52 61 38 43 42 30 16 97 99 58 54 17 30 58 31 89 62 55 66 69 26 89 85 31 34 61 78 10 21 1 86 8 43 0 73 42 17 42 50 39 2 52 98 73 76 63 51 59 67 93 79 42 74 77 35 34 72 56 57 63 13 20 51 61 21 32 29 13 55 28 32 2 10 62 17 26 4 25 50 16 44 17 32 70 94 99 81 54 56 59 58 79 55 71 63 
41 78 42 49 48 75 0 12 29 16 95 39 85 79 15 5 52 12 90 61 74 19 72 92 87 58 77 85 44 49 14 33 7 64 4 25 59 95 51 5 70 3 92 70 83 69 81 94 91 52 5 82 25 60 62 96 65 5 78 54 63 64 22 71 21 84 93 1 10 11 20 23 71 84 84 3 33 84 20 26 65 64 45 95 49 98 48 93 56 85 62 65 95 18 10 52 81 37 6 33 
52 96 51 81 21 86 67 14 38 43 67 77 73 39 26 16 56 92 79 76 31 44 86 67 22 31 74 84 55 9 9 29 26 58 8 57 76 70 97 92 21 36 43 20 16 30 56 45 80 71 57 7 99 15 37 90 74 98 18 75 81 12 21 77 89 16 28 94 27 80 59 7 57 64 6 61 71 40 40 58 3 75 25 48 36 25 63 47 37 88 95 29 34 83 63 49 50 63 94 4 
40 87 96 16 7 30 98 74 43 38 77 55 29 15 71 89 90 56 9 3 81 13 0 86 57 14 77 33 76 94 67 27 9 20 52 88 87 82 3 61 79 75 92 44 52 43 32 56 13 48 78 32 99 52 74 82 63 56 9 30 82 86 18 71 7 98 28 10 65 10 51 60 62 0 75 22 46 21 14 39 88 66 2 64 2 33 68 53 4 81 91 58 7 19 99 77 38 30 19 81 
28 72 16 6 43 13 40 95 9 14 44 28 77 30 78 6 56 22 78 67 32 91 21 18 40 12 38 15 42 15 85 19 86 72 17 67 43 9 35 57 91 33 55 78 70 87 25 50 75 20 12 61 70 72 57 27 57 61 44 58 66 78 47 23 97 51 51 42 54 4 62 14 97 23 93 9 64 38 63 3 0 45 59 29 80 36 55 16 90 36 32 43 55 35 15 9 10 61 61 65 
4 76 59 56 46 11 49 41 90 10 69 55 19 81 14 40 88 56 25 64 55 10 66 4 97 21 4 4 56 57 99 67 56 86 18 22 52 23 92 26 54 88 49 77 44 56 21 59 63 91 81 37 19 38 55 11 12 69 47 58 93 71 65 44 80 61 97 31 41 63 1 48 26 12 74 89 38 5 33 13 5 27 58 46 39 5 18 30 88 30 78 98 92 9 0 92 78 78 50 89 
98 45 36 91 83 81 37 27 82 36 49 65 21 37 89 50 59 82 19 27 89 81 24 68 12 48 59 8 91 76 20 79 23 18 65 3 69 83 32 11 17 98 45 77 85 55 37 95 39 35 67 1 42 57 74 61 66 43 43 50 63 81 84 69 40 9 5 64 68 99 42 41 60 51 46 8 43 5 86 4 63 48 49 15 16 83 42 83 22 20 95 11 6 13 77 11 88 83 47 91 
28 33 15 66 58 22 15 17 44 66 25 53 30 38 29 99 79 74 42 95 63 47 3 51 3 82 31 1 65 15 95 58 72 12 96 52 6 84 64 62 4 43 60 98 29 1 52 48 71 71 14 69 31 65 35 27 7 17 70 87 17 19 66 14 93 53 52 12 51 48 49 66 11 64 70 80 37 36 4 22 4 38 56 94 48 58 68 93 42 80 83 69 13 15 87 0 15 67 16 79 
30 67 39 53 24 16 84 49 11 20 88 49 53 26 66 72 95 13 61 75 0 83 85 23 73 0 62 26 6 19 14 95 63 69 45 11 68 39 36 14 2 68 45 53 36 16 68 61 36 95 46 24 9 98 85 46 4 78 76 66 30 33 68 90 94 17 24 92 43 71 13 23 9 37 33 26 71 75 80 59 23 7 72 27 69 20 21 12 36 56 56 63 26 88 93 7 15 55 78 17 
81 33 3 81 19 23 51 24 46 64 48 20 59 94 93 38 79 69 95 50 79 87 42 20 0 25 34 5 9 32 22 36 86 8 19 70 73 65 11 36 55 67 16 75 38 75 16 40 48 22 67 1 2 94 19 43 94 71 30 58 10 68 45 34 30 33 36 24 31 39 38 16 25 55 50 76 2 43 50 49 48 47 91 87 25 10 82 71 89 79 81 57 4 94 17 28 24 7 58 89 
73 67 99 85 19 60 52 18 48 30 25 48 91 35 53 18 20 6 71 72 68 24 16 42 0 47 21 32 13 48 82 99 31 6 74 96 6 39 45 51 60 11 40 87 56 67 65 45 14 31 6 82 17 75 58 33 89 70 13 60 13 0 35 65 24 91 88 31 90 72 18 70 41 67 48 77 65 50 33 7 85 5 84 33 90 23 59 2 21 16 34 26 44 64 5 82 25 27 76 76 
79 58 86 87 17 53 4 99 68 81 27 26 67 87 80 61 49 49 31 33 94 9 63 76 94 68 40 28 94 33 86 14 48 62 25 62 94 98 48 31 22 79 42 1 45 14 15 30 19 61 83 30 61 16 28 84 54 59 85 30 43 95 79 92 47 31 75 72 5 37 96 82 23 57 71 84 90 61 84 73 67 86 50 77 62 10 1 32 21 10 80 96 36 41 22 24 90 10 69 7 
30 15 9 28 66 83 33 75 96 45 99 84 96 45 97 6 89 38 31 59 59 52 55 18 92 44 31 57 98 63 34 44 73 83 58 14 85 16 40 90 5 21 12 60 41 49 14 65 22 89 82 73 36 74 40 68 48 12 35 35 27 13 94 3 89 66 95 78 14 73 36 93 19 22 24 62 12 67 23 87 92 90 56 82 56 52 26 70 65 32 68 70 36 40 66 93 19 64 13 93 
62 93 26 64 52 52 46 16 19 58 72 18 52 78 39 90 94 57 29 28 84 61 17 70 55 17 97 32 27 80 87 32 69 41 73 0 8 22 30 84 42 3 71 52 6 28 94 5 60 81 30 63 4 30 7 79 82 36 59 58 61 63 1 66 83 72 74 43 49 20 13 88 67 78 90 35 46 25 94 27 68 41 36 9 44 48 12 37 86 84 21 89 21 32 52 30 83 99 79 90 
81 40 38 86 13 46 65 93 84 61 57 28 67 45 16 19 71 95 15 16 39 70 82 95 63 84 47 94 23 57 74 50 70 79 61 69 3 27 86 37 83 31 13 8 12 92 64 94 10 58 44 25 49 94 30 59 26 54 70 93 57 7 71 45 66 48 50 57 30 34 11 54 28 12 6 36 93 35 10 48 73 97 40 66 95 47 22 45 7 15 22 27 10 33 72 85 70 28 18 69 
58 71 23 22 23 79 86 42 36 90 6 15 20 18 22 8 91 9 69 68 50 55 73 59 10 10 15 24 41 10 57 95 87 29 35 96 60 89 51 96 71 24 30 74 3 94 18 24 55 53 83 94 59 93 82 91 88 3 27 4 21 20 33 18 84 61 54 12 47 33 13 24 28 33 96 88 89 76 5 44 8 75 32 34 18 30 10 50 78 67 33 76 72 98 28 22 58 7 12 94 
48 48 22 92 11 34 7 3 3 21 34 6 5 62 17 84 66 37 3 69 50 51 84 43 11 22 33 60 82 30 41 42 46 10 12 26 26 3 28 14 53 96 69 40 76 23 65 20 0 59 80 6 45 91 92 59 6 9 52 10 2 22 98 8 78 34 95 24 15 39 86 97 67 71 87 44 51 93 65 70 64 83 73 22 7 82 34 91 13 85 66 21 98 29 70 28 68 8 89 77 
56 99 37 76 29 26 39 85 28 97 64 75 90 70 95 45 15 40 77 23 39 50 34 73 92 20 70 51 56 34 96 77 95 62 65 27 70 46 93 23 45 51 10 25 66 20 1 32 19 78 53 51 14 12 29 47 2 89 73 7 37 45 27 83 21 1 47 6 83 95 58 86 74 94 39 93 95 40 24 73 5 60 54 59 84 82 29 85 22 24 83 13 65 56 71 85 17 76 58 53 
73 4 21 70 25 90 56 4 71 14 42 93 30 77 1 43 86 84 64 64 78 65 64 30 70 85 63 6 45 74 99 88 1 50 82 35 45 92 88 92 72 31 45 13 18 10 9 16 72 79 74 29 67 11 45 72 9 92 15 66 95 71 97 15 50 48 53 37 13 48 91 47 95 55 37 88 33 30 22 72 17 39 73 87 88 18 13 33 90 10 83 86 0 0 12 55 19 55 23 36 
18 57 86 35 59 89 60 69 6 34 45 88 83 71 23 77 15 3 16 55 8 15 36 20 60 53 28 6 27 35 91 88 80 12 20 42 70 78 40 10 39 42 77 57 48 60 31 41 86 70 98 32 77 54 89 17 11 9 26 21 51 59 37 81 22 65 65 35 18 42 80 62 70 29 47 21 13 97 82 14 78 46 68 39 99 83 31 29 60 45 49 33 15 3 18 72 10 55 26 29 
12 72 29 9 8 95 41 70 98 15 71 4 71 84 90 32 27 32 0 41 17 53 97 57 67 89 69 79 6 14 1 58 52 0 42 99 97 2 13 10 11 85 6 43 81 95 26 50 1 70 10 31 60 19 39 88 39 74 3 88 43 63 17 33 86 3 23 79 84 27 74 63 7 88 4 3 59 80 2 83 49 44 53 49 6 58 98 8 50 61 42 17 29 82 91 50 54 61 88 32 
87 81 97 68 4 12 63 84 63 94 33 66 18 68 99 41 7 36 30 12 41 55 92 84 68 74 9 89 75 29 98 35 60 89 53 9 64 16 94 18 83 22 0 19 74 70 66 53 18 10 83 75 36 39 0 71 72 32 46 10 63 68 88 33 60 10 2 21 8 69 46 37 84 68 77 47 35 83 46 59 33 31 70 27 47 99 91 92 20 75 75 89 12 49 43 38 15 86 37 58 
39 14 53 41 94 95 35 28 10 47 9 41 10 72 26 43 74 67 68 30 29 44 62 19 70 49 21 58 84 17 77 19 51 0 22 59 84 92 35 67 23 73 41 6 18 28 88 79 68 80 79 29 19 39 1 6 43 20 65 38 73 33 2 52 54 18 77 85 92 34 39 76 53 86 1 94 89 24 83 43 66 46 53 0 14 15 84 7 50 17 88 80 80 79 56 21 82 65 15 16 
24 90 30 56 33 13 30 45 95 35 67 92 29 52 61 57 6 84 26 27 2 8 88 93 46 33 76 75 17 13 47 45 25 19 60 17 16 23 11 67 75 66 24 60 30 55 83 7 22 88 39 88 92 67 68 18 47 91 93 8 95 73 61 62 43 38 38 89 4 92 40 96 42 9 35 36 4 54 83 27 31 52 99 60 4 71 16 22 95 41 35 65 78 65 58 29 61 87 67 50 
58 39 25 4 77 79 7 24 34 90 98 91 33 95 74 61 6 43 60 44 37 62 55 6 40 50 49 69 1 29 47 94 21 52 83 59 94 53 8 41 23 43 47 4 68 26 61 93 49 9 9 18 95 90 72 76 47 28 90 1 85 52 7 27 59 32 45 30 49 62 35 21 60 0 59 6 76 48 52 39 79 5 15 47 55 86 94 29 81 7 50 51 6 70 34 79 54 51 19 51 
64 27 15 46 25 89 72 69 37 47 97 98 86 76 40 63 42 34 30 11 11 33 7 6 60 84 80 53 79 20 58 55 65 95 0 14 78 80 72 30 30 75 14 20 19 1 94 98 83 9 79 41 60 1 52 50 15 21 89 73 90 28 93 7 49 35 39 75 71 82 23 55 40 1 78 0 45 42 64 84 44 8 69 58 74 69 54 35 38 31 2 11 31 35 32 37 48 43 7 24 
39 46 99 50 55 57 94 18 18 60 47 85 59 22 93 84 11 9 27 81 71 54 54 19 97 76 32 43 98 2 8 4 3 93 18 45 67 94 25 70 77 93 22 97 98 64 66 54 24 35 94 36 20 59 74 1 41 59 88 19 71 21 43 13 75 58 80 74 67 57 67 64 49 57 41 80 67 37 4 88 81 60 28 16 98 66 21 9 64 33 80 27 74 67 71 58 15 79 91 36 
21 45 40 96 47 36 36 30 10 70 48 85 2 46 75 1 21 54 11 11 56 90 61 94 88 61 48 99 7 0 73 59 27 19 61 7 3 89 88 71 9 15 64 99 30 93 61 40 72 27 60 55 57 93 98 44 93 86 58 44 82 10 25 42 22 27 77 87 36 52 16 64 79 47 55 25 95 9 58 43 41 47 45 74 1 47 35 36 41 11 46 49 65 69 56 79 14 8 25 9 
20 34 20 31 71 67 10 12 43 5 80 56 50 31 33 82 66 95 97 60 20 31 83 86 97 76 21 97 42 26 39 30 45 15 49 62 10 30 51 58 75 37 89 89 96 90 92 77 89 26 82 39 54 67 74 11 3 76 20 24 56 35 17 52 24 86 22 79 88 85 25 40 47 2 57 84 75 22 47 69 26 63 5 61 2 95 77 61 34 16 29 16 2 80 15 65 89 44 75 4 
33 3 8 54 30 68 66 83 86 83 53 20 17 43 87 79 29 14 55 86 57 21 5 33 1 64 51 35 24 92 89 55 44 81 9 45 22 78 46 92 3 22 58 40 90 6 98 79 35 49 89 91 23 19 83 32 5 45 7 48 32 75 87 86 90 70 91 3 33 17 69 86 64 43 43 23 60 67 85 46 92 15 61 25 73 49 8 99 10 39 22 2 7 12 37 80 44 15 82 6 
32 76 85 68 78 41 43 8 29 47 4 32 3 49 46 86 35 55 34 91 7 23 69 83 59 28 56 21 44 16 39 40 39 20 92 76 93 37 94 18 15 77 28 18 82 50 48 24 89 59 99 61 62 92 43 54 17 91 98 25 70 32 13 83 58 56 29 81 25 38 25 63 59 94 36 54 71 3 32 70 35 82 15 27 77 4 4 63 33 8 38 40 4 44 48 53 84 29 49 83 
58 13 90 62 56 73 20 54 87 20 88 35 56 95 40 75 21 68 73 38 42 91 21 46 60 91 85 24 31 27 83 50 83 54 44 51 20 3 53 96 50 0 75 17 93 3 44 55 1 22 32 91 70 66 41 23 95 38 59 47 93 45 3 82 25 8 64 18 49 40 14 94 15 3 38 59 6 57 7 49 63 62 60 50 91 59 69 47 66 73 66 90 27 16 65 12 12 79 60 31 
64 83 99 59 8 47 23 53 39 43 87 40 53 4 58 91 70 74 21 98 30 3 67 73 36 51 34 2 44 68 99 75 37 41 45 66 55 1 1 43 92 57 90 39 21 54 64 38 55 20 26 16 54 0 76 28 14 99 85 17 88 59 45 48 28 25 3 93 89 32 41 85 48 4 95 96 53 15 69 68 14 16 87 46 36 21 80 71 3 15 38 53 82 63 59 99 49 91 65 79 
46 94 70 87 80 60 99 54 37 41 97 35 38 87 89 26 46 18 16 98 69 0 94 71 68 17 92 60 31 69 39 32 61 63 76 5 13 44 69 57 3 13 33 44 68 33 26 98 22 98 58 25 98 58 28 97 55 76 61 44 27 93 10 24 12 44 79 75 88 13 25 49 77 34 56 52 0 89 40 64 41 90 69 80 90 0 96 25 59 61 8 45 41 39 73 27 5 97 92 53 
8 34 59 38 93 0 6 61 82 40 47 98 14 49 45 75 75 78 67 14 64 8 71 77 1 92 1 45 57 37 22 8 20 12 44 32 85 97 52 89 82 5 77 2 59 56 39 3 59 53 16 83 89 84 17 31 15 44 13 46 84 5 69 22 27 63 31 71 26 67 57 39 88 77 72 78 26 47 34 74 8 93 67 94 23 42 7 82 82 90 5 67 6 68 34 32 22 6 17 60 
55 42 13 26 39 27 15 61 36 81 42 46 4 73 89 98 30 93 28 24 19 39 53 6 47 79 40 87 81 69 4 37 22 15 73 52 32 96 7 51 49 74 36 93 84 74 93 51 2 42 32 96 98 2 42 64 98 85 39 50 32 89 82 71 37 66 52 28 47 36 55 80 57 72 15 37 71 52 3 5 75 48 32 54 75 0 71 74 24 23 16 4 27 42 79 35 85 34 58 22 
16 2 11 80 60 36 75 85 75 2 55 12 17 28 99 70 62 60 48 98 89 89 10 11 33 43 1 59 90 47 63 10 95 59 75 47 57 57 41 88 58 96 30 24 99 57 69 64 87 51 62 34 97 30 61 82 75 53 70 13 72 27 32 88 55 46 56 45 53 49 64 20 37 79 19 89 98 0 70 40 33 81 76 44 20 58 2 12 93 0 82 96 27 15 92 0 57 8 41 66 
56 48 56 96 80 3 59 23 26 13 63 14 37 33 2 54 97 71 92 79 51 91 79 71 18 82 32 38 81 32 99 74 6 83 26 20 75 59 96 74 99 7 31 22 23 63 61 59 9 58 87 6 97 38 83 72 78 50 34 46 91 11 36 93 87 37 76 40 98 80 92 90 33 55 23 80 67 68 19 51 72 2 3 37 98 62 57 58 43 3 45 49 43 81 79 16 46 56 72 88 
44 74 51 16 51 84 13 21 28 88 23 22 34 73 21 92 43 23 14 93 21 46 2 49 4 81 25 33 37 37 6 12 26 20 88 94 10 11 39 23 92 67 26 59 19 31 44 80 41 88 73 5 88 79 7 71 72 27 88 34 82 39 65 44 48 74 95 38 70 79 33 51 25 23 30 88 50 97 9 19 85 66 66 18 87 85 23 88 21 44 23 73 74 7 29 28 62 33 80 22 
31 21 53 86 84 51 14 97 21 47 78 82 90 40 5 60 35 13 6 82 52 60 30 40 8 48 10 93 44 97 92 20 93 61 89 86 9 85 35 36 62 80 41 53 23 99 15 19 52 62 9 59 80 14 25 85 50 24 13 49 85 45 57 74 23 46 57 29 95 29 95 62 74 88 18 69 71 75 59 55 26 93 79 2 47 15 65 30 34 55 69 21 2 26 86 90 99 12 99 74 
24 37 8 91 60 21 55 12 75 3 86 88 49 89 56 78 7 19 18 58 1 50 42 86 59 31 60 7 27 24 89 28 30 26 98 7 94 49 62 48 27 63 50 7 80 23 44 37 73 13 30 53 23 77 53 66 12 61 9 93 56 34 62 17 66 63 68 95 50 0 75 27 75 40 21 30 21 63 76 42 41 1 63 63 12 27 53 3 65 19 8 20 33 18 11 12 40 81 66 33 
