239458 249104 240797 242481 237985 248048 250949 260633 236910 245167 252879 244552 230803 257573 246085 262942 248006 242823 241420 238184 252574 252487 244208 266692 255649 245779 237847 238008 265212 226652 246250 237047 232446 242977 218532 237422 255087 231952 251006 276348 246489 221773 246917 256391 277015 240283 286845 254704 240530 268037 258538 256537 256727 261558 234645 277947 255174 244482 242016 221628 264811 259782 254699 253890 238797 231420 260389 240421 245631 244397 239468 278345 274361 251039 237452 236776 257917 235716 242112 232356 266259 239259 259444 255093 246744 241717 264186 251307 210896 201979 242630 267393 222898 257328 239612 258235 226870 257745 235112 252890 
246905 250701 244814 261531 239537 240010 247066 257683 237290 247869 254734 243579 240527 256089 256686 259375 244390 227303 237539 241253 256852 248966 257046 262026 248088 248352 238226 227977 253923 221947 262391 249188 240953 252255 237115 237177 244014 253983 246314 271204 235310 225237 239878 230867 250181 236756 272314 248076 236655 265977 267836 242956 276831 259627 240822 278738 265574 258025 245547 232826 260138 256877 256398 253340 250916 229000 241260 244098 255777 243801 242608 273944 252574 247982 237855 254201 267410 233132 231186 244937 255295 249173 253998 251777 245331 216105 238624 239336 209642 206456 247834 261483 207177 263339 263522 253814 236645 258357 249480 248197 
235919 256000 237135 267133 245069 250891 265825 260362 233090 257193 261562 253516 239659 240561 246866 274213 265033 252402 245231 263945 254268 257873 244438 284907 253848 254307 253568 222595 259461 211584 258047 246804 253633 250694 238436 241273 259953 257269 245861 286357 253418 224131 250906 256947 266804 245966 289322 255194 259941 259270 261891 242203 286302 283155 254470 302465 273268 247138 243865 233215 279507 264408 260153 260626 258795 245753 250178 248423 262200 257975 238818 274434 279025 231294 245207 264224 279029 245840 233688 244245 263508 244538 260820 268482 241777 238829 255266 272255 211295 211465 242464 278653 218733 267029 257110 251434 223900 267888 257386 264591 
254305 263703 265562 283051 265006 267583 276540 278867 262067 285767 280140 265622 254123 267743 287993 272343 268546 240038 242281 277313 256760 252662 266601 284926 287513 263822 262823 254290 250550 238663 295742 269504 245948 277696 242744 244778 272150 287074 277565 294557 261720 240305 258064 259089 287997 243990 283165 284831 250659 277220 273655 251304 283339 281953 260654 295809 286579 275988 263576 251223 302654 284680 285993 272789 250151 239649 274423 273197 262304 259612 262690 293740 294329 255207 256528 256546 286281 244923 267627 255903 274694 255887 277617 288355 259020 228239 252703 254878 246075 216956 250907 288434 235385 272126 268864 273065 237248 284230 269568 268797 
258764 258897 261566 270144 259382 272737 255902 257309 245870 240627 270751 273956 260819 270311 252217 282336 261414 239865 256314 267332 255295 254261 257762 272937 267519 265617 252761 253646 276329 216377 273421 261303 259890 262187 235636 257406 258840 258723 267877 300657 262826 238161 265337 280670 278101 259054 303834 277201 270566 284489 272482 260865 280746 280271 263074 286969 274278 253176 263549 254064 298158 261108 272657 266545 258076 263004 273122 274352 273661 266220 228787 298912 279592 247197 257924 269373 281275 253608 247139 251581 275851 248585 276001 265189 268663 238786 253699 263638 218605 218679 246277 272452 244283 278207 270931 259998 239305 266116 256605 258434 
228175 231241 217640 236913 209375 236309 239562 233139 216748 216251 249603 229900 224617 237116 243388 240687 240419 209813 225024 214195 233596 227320 230713 238557 233005 227071 216081 192307 244270 191953 250094 234082 225053 238108 199763 227756 254681 236633 230101 244770 235253 213028 223353 231872 233003 219280 239547 243544 223079 238129 246594 220937 223398 238672 228817 253771 238256 222465 220553 208743 248115 242961 233988 232563 236137 220531 231450 226039 244557 227525 212566 248214 242636 224611 231657 229386 247162 216460 220346 230521 238733 216390 239967 241460 230083 205659 221634 239874 191262 189007 234178 244249 209110 247275 227751 218495 201144 246357 213245 242811 
240259 240446 241892 256708 235183 254881 252550 253301 250073 247801 263366 258797 246182 247449 270692 253848 233488 221133 232646 236338 233239 232370 245413 260330 251176 265541 239974 229563 249003 218376 256125 242064 240219 241143 226712 253179 256235 259313 243641 270975 246572 225133 235290 254042 265577 249119 264222 262310 237503 244085 260092 228264 272453 256298 243554 268144 270684 233074 223245 226570 275428 239321 253430 244568 220623 236900 232693 245835 256519 248682 237476 271927 271566 235731 220729 234111 256343 222907 231976 234819 252911 226593 256009 250364 229127 223539 237873 248247 210591 195599 233315 250385 214374 256940 249016 257138 220346 245402 238600 241498 
239216 245711 237583 265533 252789 246431 239907 253596 238888 240921 249495 245070 226244 247344 251239 260703 247482 231561 238861 236403 242504 250501 236935 260371 221780 250784 235601 244300 230533 210165 246383 250166 221954 249530 236335 239467 230907 258451 243828 275451 240474 219033 259095 245930 257604 247218 285233 245036 234976 260493 247789 239590 281342 272990 240305 278935 273232 243212 230426 237382 275047 266619 255400 261223 244389 247412 240410 245006 245615 229206 233724 273608 268074 245206 220370 238724 268301 242309 232136 230841 262625 259927 250526 252860 241407 225357 222893 248187 209859 189428 230136 260368 204103 255380 246426 256085 227192 251623 245548 249668 
213544 218095 217842 233214 233191 220887 232625 220700 200651 207930 236642 232418 208995 229039 225299 232826 216802 210179 216110 220523 212836 216315 227518 234445 227990 226111 223581 205494 226697 167860 241329 218056 199471 230662 206757 207129 218256 227860 227378 231079 214682 197740 217776 226908 233155 211845 250874 246876 223550 239390 236218 228850 222692 240984 222610 252566 213924 227862 220761 202976 251011 236051 225591 217957 214618 215293 218375 221013 217043 211107 204676 246818 241191 204475 213051 218606 229826 205286 215138 217503 208298 205393 235931 229788 218557 203888 220529 217079 199960 176420 212426 234303 199441 228843 223401 207246 202620 241408 216971 212085 
250193 261287 259552 283103 270592 263917 260352 260425 250282 267572 271962 264878 240343 264041 259301 275169 257052 254998 265893 266823 258973 255853 277587 279312 254704 268552 264293 251117 253900 219388 268789 271067 255490 273507 242915 247259 254802 275828 277901 296034 248571 230994 259305 260254 285052 258645 299233 274724 257436 274980 281341 253430 292079 295093 259475 290261 285047 243983 244229 243674 290118 272081 261218 262291 255552 242240 258386 260918 269791 265792 237455 297884 283362 256343 239326 264664 278450 252926 247000 250376 263603 262759 254286 280408 251172 242989 260775 269488 227595 204622 250542 279356 226304 292618 269942 252097 252699 266603 265398 263283 
252610 247051 246840 267627 250831 248952 254695 262877 241675 232891 272061 263696 256430 262357 253475 264693 250719 247246 246270 249829 258087 257874 245133 272598 258297 272949 253099 241488 272990 209569 248943 240510 245447 260555 237121 249352 258488 263462 256460 292956 267505 227278 246059 265436 271134 247901 278079 270130 259970 270632 255491 224749 281394 285035 237114 283391 281783 252197 246105 243662 275374 266609 253976 245538 240598 249583 245633 252941 259895 237636 217569 262875 268917 246205 242909 252347 251246 231845 225016 245781 263624 244087 256310 274408 267377 215197 240832 276155 213100 219459 252781 281223 219357 268009 264864 237150 220982 268776 240167 254892 
255746 248898 251236 252481 241201 259463 243328 246761 236948 241670 261692 246034 238883 249358 247958 269089 256602 229241 234152 255834 242250 236389 254208 267377 250403 257835 242410 234778 263582 215826 245775 246661 231667 242889 222506 254617 255730 268932 257725 268210 254201 231646 248181 255684 263374 235564 267525 257678 242336 270030 262960 239289 259448 249672 244501 282392 272552 242136 234910 234270 273181 250540 253839 257945 245574 248456 250189 258784 265614 241910 243660 274269 262623 255061 240087 239630 263297 249992 224608 248899 260023 246148 250923 266664 240131 213953 250365 269124 200330 205711 243429 250873 224764 269613 259512 242989 232132 253897 252915 258035 
263140 250316 256592 277206 248495 267984 258421 267954 265382 263133 281471 269953 248297 284092 262503 282982 270952 262765 243343 256942 265949 251660 265861 269124 260027 282049 250399 256757 263553 231803 270439 247108 245689 257040 247216 263128 265677 258211 267136 303519 257015 240287 256123 254460 264921 258109 295135 274431 249413 277728 274355 258596 290415 288856 255479 280946 288597 236899 265986 244309 292962 262166 286398 270542 247144 246132 268614 269890 267077 258843 246269 284678 266218 259115 253041 271292 279488 244301 258798 249900 271828 256548 274328 278317 249967 233903 261726 254718 233312 213571 232348 288593 232321 275563 271743 262587 243634 255057 251046 262344 
233328 252192 205964 247860 225786 244765 230281 234349 234327 228038 267437 243702 232617 249007 236493 259563 254709 226949 235494 242639 241609 244823 251730 252233 240266 244828 247648 230666 236601 200544 249793 252178 230833 237137 223594 239507 224735 242979 236832 271000 234375 213370 237131 253722 248543 230425 276805 252829 235766 253170 243598 221961 268574 256250 240902 258978 258539 258244 230587 239530 275149 248861 246961 242006 244864 223607 235378 242011 249068 242796 212477 264995 246249 228664 225362 231078 256474 223347 219492 216911 240868 222707 245118 259913 231793 212140 226980 244008 219103 200845 227590 250177 203241 255271 248539 226882 219770 264862 238071 237034 
216534 225489 214925 238102 220518 218034 233299 233220 220142 245763 241576 225534 217248 211896 212891 240077 249422 216354 207966 243641 223839 214154 220279 237706 227772 229571 221619 213955 214167 196665 249965 234956 212529 239854 208615 215123 222715 238940 240481 244505 222854 200388 228410 233798 239271 207840 252626 230369 222280 240771 237898 217259 242428 234529 222137 258922 234387 228002 220580 229910 241859 239094 254110 237221 211409 215889 220322 224680 233308 227853 215542 250464 250002 218512 218382 227097 228613 207866 215790 211812 231435 214467 233974 255633 215789 198162 234152 231286 193028 187320 220725 249718 210386 234069 232225 238374 204891 251564 215351 237945 
196742 178174 183538 206657 189234 204755 198698 194750 184687 169710 205941 191867 189981 191920 192836 201857 198251 182780 194162 206642 199297 193059 188346 192445 193607 197941 187136 160262 199237 169727 196214 182494 179424 195840 164491 173731 197793 192461 193183 215457 187394 163550 191996 190807 199032 177329 220340 214235 188376 186745 204749 182484 206205 202782 185116 211653 207090 186871 194973 178700 208817 196268 210108 192586 192451 184803 204064 193010 201556 201373 184754 213090 189873 188646 172637 201794 210035 182550 189808 183744 208666 177293 199290 195672 188534 175991 180051 189848 166951 151494 177486 207705 170141 187290 180807 190743 169857 198026 188117 181091 
228787 235128 232793 259283 232931 246973 249741 229337 242214 235922 258119 224246 228613 239881 233919 243064 246570 225113 228046 258090 241541 247142 243869 239433 246340 243599 227424 231730 236001 185193 235460 233558 216173 246349 227413 239018 235953 239910 234122 256578 220319 210204 227581 238230 261761 237414 260498 257342 231098 241660 261309 220068 257149 268336 239279 272853 261964 239358 239981 228348 264310 230199 255701 248658 242302 219542 221887 244898 232808 242880 220188 239335 241895 229899 217664 234607 236882 207732 218655 220109 239923 226247 238811 256316 225763 223326 247163 221848 213522 189826 233269 251520 207042 244449 243788 217534 222523 253170 240512 239620 
228811 270207 250333 259537 244124 247716 252040 255593 247463 256563 264369 249287 240309 250925 249620 247207 247540 233106 230598 247461 246122 235499 264447 292455 251070 249499 250160 230611 256311 200301 257478 253627 231958 245238 238578 227644 262793 250509 258766 276570 241574 227649 248420 247718 255776 256536 267102 254545 235391 263295 256236 227994 277002 277502 236628 281851 260224 241491 235889 235127 274518 270658 257772 249217 232746 235062 254281 250697 248749 248915 239556 264546 274920 242915 249421 257221 264870 232642 224714 230480 241941 238755 263260 280849 239699 233918 246204 245767 231434 198362 214823 260125 229828 263771 240857 241815 214838 271762 250492 262242 
227993 232622 211304 240847 209468 218194 232959 219040 218326 229936 234664 224551 222037 225559 226727 224567 239834 222825 217921 213988 230527 230967 231569 238931 218509 230109 222854 210335 230819 184979 248531 238516 211663 221051 208537 217439 223027 224157 220659 250767 217765 197058 217602 231846 230364 222071 251815 236880 219034 240449 237611 223982 233695 249557 226683 255551 252900 228032 206279 221830 229987 230383 237833 233920 212076 212708 227560 217791 234051 224040 202102 243982 238805 225410 212349 223169 225540 211604 202912 211433 231484 202917 245775 242539 210990 202088 224349 219755 194608 180764 219441 235147 207982 239610 232657 229168 200998 239071 212687 219903 
245904 234470 232438 250774 247567 235283 241610 250402 235869 235380 246730 257374 237340 255510 251718 247649 256263 222540 246898 229071 257651 247172 244282 263614 257101 244987 242287 220871 269949 203741 248995 252144 222885 246812 228532 222495 237563 249294 247093 270846 237197 207716 240580 255994 253728 233465 266970 252235 236767 254809 251313 234866 262836 261724 242216 279224 258831 237890 237211 233239 264839 256784 255438 236918 247303 235787 240114 227699 243644 237127 234850 265868 268538 231163 229407 234710 254351 238583 218055 237652 245153 229068 254296 260772 222439 225719 227837 242847 222107 203017 241626 258186 223825 263704 237973 235164 213229 253423 231047 255249 
227248 227106 214255 261121 229310 244225 230453 238884 225659 224729 251188 231400 229298 241801 241090 243764 232377 211425 239667 240151 244269 236257 234194 231728 225007 241266 225046 205464 227235 201883 243411 237008 229392 225512 218865 217451 235254 234372 240174 257250 204821 218968 235363 231771 250365 229400 262501 243805 228495 249264 241566 238401 236429 254048 219178 253237 240045 223771 219994 223786 242911 253866 248539 245168 225074 227325 255433 237930 234570 222988 213153 256469 242176 241720 215012 239218 250489 216666 238945 217004 243746 227905 246920 245616 221661 213265 216317 223764 212185 173526 222591 250259 203770 246416 222825 234923 216291 224801 225886 222333 
264827 265553 244484 276169 238162 249536 271876 247755 254415 263181 274983 266304 250035 266001 255429 266868 276644 250725 249221 252794 262543 255706 252203 267963 257995 267295 241394 234592 264826 229880 268166 265700 238611 264239 238647 245065 247449 273623 280431 289957 255002 232543 252263 280444 275403 249618 281547 267948 258182 276313 275510 244542 263133 279512 255412 281949 272365 257615 247129 247596 267469 262926 272510 263271 250897 246266 267023 244795 267029 247218 233969 272830 272814 263589 246934 245975 271201 246853 252781 238243 262605 243510 275648 279006 257738 228465 266197 268155 215801 207431 249269 281975 221436 274233 250469 253787 227454 267723 242871 266820 
240902 251532 233334 255528 231212 244869 253064 250671 231364 252928 261368 246852 238473 255415 252082 260191 229690 237583 225150 239003 253738 245910 244007 267735 244045 255556 254111 229601 247753 201039 256054 240703 233900 244221 223291 223829 243561 244945 251672 274580 243543 220846 245751 253268 250149 237921 273950 265572 231632 258968 257822 237546 273213 255689 243384 280130 260758 239155 243151 242492 265993 270861 254849 251016 238395 226968 254360 247722 232799 245635 233035 271146 263488 230017 236850 243399 256382 222551 243697 226019 260931 228920 250898 266682 237563 237652 256853 248804 221666 205949 240929 253705 202200 249858 251295 233689 218527 268395 238554 244303 
218422 242256 222993 248971 244304 239295 241551 236866 222266 239253 241134 223022 229562 243361 239805 246316 253500 214749 235238 258140 239689 228331 251258 255866 252217 234743 238724 231719 225268 195969 253381 252906 229969 239370 205258 224642 232136 243990 251707 269790 226427 197811 236471 220029 247431 224943 255863 255013 245812 248472 257609 210775 268416 255969 238564 268719 250358 241734 230121 239163 266582 240298 229621 238626 247287 215474 223236 235835 249850 229532 225871 253544 258933 229731 223235 249247 255238 217929 232843 232953 235853 225030 230096 254651 228926 207598 242003 226258 209090 203520 231010 262518 195221 256515 245605 229509 225070 247947 227650 236136 
252720 255241 246670 281392 266049 265795 252783 265983 264707 273736 273907 264213 254169 285846 266589 263362 258537 258547 261143 270519 265810 250727 271548 281936 272093 280292 262837 251739 253514 219429 282748 272816 267052 266419 254167 246059 240027 272290 278880 297634 258448 222092 260281 264550 285710 262019 300781 288857 257833 274288 274190 265376 280745 284887 265651 302444 294621 255659 247225 261544 284792 279276 274345 258211 262312 251325 263425 253613 272611 272817 232815 296205 293748 245531 264942 261995 282208 251874 248773 250517 272522 250220 275932 284579 258696 241042 282018 265691 235955 222337 252340 291457 229201 279504 267893 261171 237171 286033 254341 264816 
240923 247617 241089 259468 234318 241548 246635 242037 237671 236424 254562 234655 252109 259130 231243 255538 251948 231057 233541 258933 260565 222935 248566 260135 251019 251839 241361 231586 242498 215170 256606 261096 240612 239433 227038 239624 237782 243280 248877 278930 225930 212575 249468 238262 250944 234152 268141 256342 247327 254686 258904 224094 274353 247499 244365 273364 258839 248076 237979 248865 268149 252163 256863 263294 227771 235079 247684 246727 248125 238109 222986 266284 248695 237324 229989 263477 259960 226818 225244 233008 264390 219326 249466 258567 247902 217810 244061 237297 205642 198434 240955 252676 200471 241860 244877 248540 230433 247340 261864 246303 
238218 247912 255711 260604 241844 251290 262500 267828 256614 255549 268179 248701 240674 247660 271973 261596 268552 239706 254820 267499 241034 252426 262776 275391 266609 264939 250412 248890 253393 214706 259844 251204 244711 261870 222570 227242 259345 258831 264680 277099 260283 223399 252338 256139 287982 255689 291590 269970 229930 260884 267705 235679 283888 267248 255721 279937 270089 249226 241131 243181 285080 260024 260033 274445 231767 245474 250355 245727 248119 261048 246294 277422 283665 232455 227969 247467 287491 231312 239431 230126 268462 248626 255209 267381 236581 244343 234881 258501 219592 194669 249079 268405 224004 250539 262522 251597 233869 264923 247259 247800 
260791 268112 229726 270972 250000 245728 245387 260132 232548 253323 270745 257713 262843 262123 263795 264631 265467 246597 261129 262991 260802 259717 245179 266155 260367 269433 244923 248004 264642 226753 257736 264847 260726 260944 237692 248082 251160 269221 275631 291197 246997 230415 240209 268700 287980 255882 277060 253015 268065 261768 255694 252402 281270 259510 246705 283544 275336 253917 253546 247241 269137 260130 264815 262333 248614 240042 250773 243791 274692 241742 235346 273757 265418 270703 238138 254780 265731 247591 224186 255032 247529 251473 273341 273894 259950 230075 247079 266573 225333 209641 255416 268014 214132 272278 265635 257278 234060 262354 261050 272840 
231356 243499 215731 250386 220033 217252 229876 239815 218876 243534 248099 246463 227113 239119 244477 250915 236464 216479 218181 238712 230802 223814 224174 246618 235918 235276 232492 212294 236523 203489 247616 225216 227108 232015 222102 224660 234734 245892 251642 253201 228045 209060 229733 240353 249416 220531 253901 234887 238620 235807 240077 217714 247201 247706 214470 257834 249674 222338 229288 225135 235438 242921 236702 226600 234148 234119 236310 237272 228789 220081 221109 250167 259733 233708 221139 227615 243165 219417 214252 213476 237974 238623 244874 267134 219281 199332 236476 248192 208701 195293 231685 248498 196211 244311 238578 213524 200966 234492 220131 251466 
256501 264187 254277 270147 269505 252373 266710 265199 262648 257174 263874 273703 252909 279421 271679 263102 270639 264046 262788 256198 266305 261582 270407 270128 266812 257451 248188 255639 260419 228857 290434 285289 257738 263128 247429 257402 259027 268322 273701 314096 272973 220475 276062 284413 278658 253058 288160 279794 256007 293405 275334 256797 286122 293789 257652 280806 293518 263723 251055 257096 296476 281052 277534 259406 249461 257001 270255 267557 264612 265443 237771 299320 290300 268180 262684 271196 272711 254887 248942 254807 271008 258459 280856 286868 263876 239120 258809 259671 238126 213010 247099 291047 238616 279338 257499 272683 228119 267310 252940 273596 
244786 241207 245621 258835 261103 248592 258619 263946 247727 230076 272655 245237 236633 264883 244649 257429 263297 246580 257190 269253 269568 235059 257393 248692 244663 259489 242923 233334 244618 211030 252766 251440 244704 258231 229606 233834 258185 259420 269624 287101 239196 212535 246311 238795 256881 241330 273199 255449 252507 263440 267221 227451 274580 253363 243894 282647 259259 247626 248801 246014 276890 258699 258632 253803 240802 237905 244488 254928 255932 256804 224296 266575 260895 261855 237106 274476 275218 230661 247642 246903 254964 233460 250194 263452 255745 225576 257220 264689 216208 202745 237064 269196 209936 258609 248532 243658 219817 256934 259347 263325 
231132 220695 235488 241576 236461 247642 236235 224667 234827 229398 245446 232334 227060 248334 237779 241522 220396 227521 230928 244861 238363 231638 231220 225364 227972 255264 221912 211023 230035 207337 230230 242621 226570 234302 218043 225153 245595 240537 235787 252290 215230 227380 231944 239617 257516 230890 269713 252642 217875 244681 250584 244027 245708 244173 248055 273067 267906 236058 227166 230027 255198 246167 249509 249172 225972 226692 246954 235313 239192 240977 221406 266220 232464 233263 214297 230951 251813 227828 220925 224683 241141 221385 244744 235273 228547 223154 238842 227135 213314 180833 227494 243710 217425 243592 237175 247306 211370 239856 235015 221949 
226643 241005 233839 251119 227112 243736 244566 239450 233546 245050 255048 237326 227398 239879 246757 254923 236513 227006 224283 232851 237543 230763 235995 257521 246274 240538 244429 221009 238188 199216 244681 244483 223198 234049 208645 214207 244170 242421 240087 268639 232040 216200 228745 236232 252962 229797 267618 249354 225714 263748 259655 231922 258580 250155 228053 268196 253605 228043 228497 234766 263259 258431 254834 249144 227952 219596 233094 242614 244712 237328 228705 272337 245942 236220 232596 240092 256137 225354 233879 231213 261250 214391 249414 249158 225113 229610 229695 241359 200045 194409 215344 260603 207152 250101 255962 243241 221900 261959 240191 226331 
249345 255632 247790 269464 237752 255639 255548 262193 232885 253312 275303 243942 240947 260085 250186 269460 260241 252443 233512 258789 261609 257404 256278 266617 250868 264532 241364 241949 261155 232104 253884 244699 257465 267278 242841 233263 244642 265365 258375 281623 246153 232970 253551 238311 261575 254232 282450 260286 254120 265605 269088 244384 280001 271844 242743 284020 282102 240439 255327 259169 276929 262462 275736 256772 259878 239300 245618 255852 259565 238596 222715 261425 270187 251885 248529 259409 257781 241786 250015 236038 250872 251972 266384 274134 260113 240371 252109 264157 222803 215974 233021 267678 220821 253211 257675 243952 247358 262720 255677 261769 
240247 255781 242617 254592 248433 248705 266225 261054 240288 246426 248413 235527 244830 252729 231797 255362 248967 242082 245833 239568 248409 253674 239289 266467 244962 249847 254107 213887 241636 211847 263702 249926 250968 249930 220680 225121 248785 245147 251189 267526 236405 222757 245747 256564 248945 247103 281397 250638 243751 265034 260967 256996 273938 259353 255495 290323 261028 250783 251116 238855 269892 268832 255370 269210 234394 229558 257620 252128 244768 247471 225034 275813 264278 236389 234157 249617 260297 222484 235540 239334 242456 242424 255392 256212 241908 215201 244216 248890 205425 199212 230139 258234 207865 248609 249368 245739 220579 254238 238382 253560 
263068 271016 248969 277095 251923 264072 264858 274141 253582 260590 286086 276867 249290 270570 279861 271111 274774 251275 261025 259750 270170 258893 269509 291240 261982 273562 269806 251332 269504 234103 279212 256929 249411 282449 247030 249806 267760 285064 271048 296952 266431 240799 267567 270074 289051 242958 296757 267106 261310 284262 283191 249982 307508 298194 249340 292584 272418 259633 255524 249437 287556 294576 287361 245535 263037 244948 266278 274535 273982 265688 255666 304740 293190 264083 259467 260185 288632 244400 261435 265308 266487 267781 275575 286999 252139 242039 258696 278704 234425 213532 253575 290122 229629 295210 271451 257231 242411 277640 263136 276412 
223809 236700 226399 243410 232749 244481 234838 233362 243479 236231 264851 234062 233768 256557 236798 257861 256042 229426 240387 254931 245815 237095 247905 254075 243158 247844 235847 214694 249381 211846 245535 247966 256767 239348 222454 235781 244735 240609 241591 276894 234994 229081 237916 233608 257338 234398 263129 245955 226603 264156 257791 226696 272895 260316 228106 263904 268017 233837 224000 235067 267091 239660 245865 256185 240712 231451 247527 238894 251078 238613 219247 270988 249841 235777 214856 249044 259790 236980 232635 234261 253986 236077 242657 247920 225571 214570 216483 256605 207678 199663 241208 262715 205995 239779 241119 236518 224365 245381 238217 236472 
229714 241850 222845 259995 235548 253441 237741 241823 229399 251043 258117 250658 247281 239134 225705 248167 247444 238943 225993 250918 242049 231740 240589 256752 238858 252261 225692 211362 246545 202028 259898 237896 238881 224288 218599 225573 249891 266022 246787 271284 244553 230127 232100 247525 241419 242047 249738 248712 242491 266489 244047 236512 260443 252423 234401 269799 240090 224776 232847 238289 264416 265094 259430 245267 231774 229636 257203 238531 251781 254474 222110 263981 269870 226234 241780 258930 249074 215297 242089 226897 247927 228537 269270 261797 231322 225655 231853 250740 225397 197317 230787 260010 211485 237316 243962 243472 215143 251720 228405 243016 
234133 243891 233559 255773 244745 245231 239473 233266 222677 241948 261903 246513 250362 261384 241728 264562 243594 242314 243249 263612 247495 242005 253170 257709 240248 243099 238998 240126 248882 210653 259217 246288 233041 243523 218764 229599 249702 240257 244441 273644 239389 217201 238665 249130 259489 236844 270991 252205 239119 290055 267811 222599 268549 260870 249268 273987 256035 234903 239325 240887 265547 241559 248561 257434 241236 224162 252486 257581 249739 247324 235709 276524 264253 251296 241314 255251 253813 230840 251592 226276 252714 239958 258836 247242 249987 236970 243755 243396 206019 199970 237031 261034 210371 255788 259282 231372 230282 264274 256145 236861 
263776 272370 260450 277464 273929 276173 270107 272121 269110 271062 275990 265056 271834 266530 259128 281094 273468 259543 287273 277798 269757 277742 275870 280522 265065 276509 273700 259813 260540 214423 282354 272719 274158 275221 240794 270607 267982 265702 272221 304796 270414 235727 266511 274823 283012 279643 304501 278596 265154 275904 280807 261234 293271 274583 258480 313818 304532 276921 251620 264121 306541 273884 274651 283530 260718 247284 266401 273834 283868 288386 247288 296233 294734 258474 248836 273385 284021 255743 244721 258338 271196 246274 267333 292994 258982 238892 281067 267951 243904 215754 258934 293658 239151 301062 269076 265670 233360 278918 266136 267267 
246834 260264 256799 276845 258890 272980 270072 261771 260148 258554 283092 271519 252623 276390 265197 261593 253207 239463 265000 254465 255947 263776 275592 269375 270445 271756 250480 258149 266829 220111 266556 264019 252853 266422 236454 237943 260047 264045 275563 292298 257058 230799 248094 276302 268766 270908 293820 273085 252343 270086 276011 248238 272519 275051 265185 291453 289151 246535 254317 256859 289878 258953 257891 270187 246213 243667 269054 249997 247482 254172 244112 290704 278606 262983 241109 251143 272850 250809 247659 242323 278541 246603 268950 273277 250049 242078 263201 252114 223104 211774 246791 270671 240006 284038 260184 261619 242851 282298 246357 253603 
254490 258948 239025 271040 255850 262319 262890 257615 247779 247637 255753 244879 252237 256191 258998 270942 266730 239696 241552 254346 266268 263072 267016 285244 263848 259783 265005 237659 268906 214084 262116 241950 262549 251395 217372 246456 266939 265565 248172 291767 252204 226959 245843 261522 260501 259297 286261 264492 275111 270093 273071 251077 282650 279725 251513 302639 284413 242728 262558 231231 277708 255778 259806 261801 256253 236056 264883 251783 256452 245387 227195 276787 275257 245071 249963 254656 261821 244122 241986 241842 268146 241110 275624 278463 241122 233775 237782 262203 226029 210842 261867 285577 242932 269391 257984 233786 239211 272628 246007 267958 
246794 232887 244445 264203 232855 237844 234521 235367 231190 230844 268261 260565 236574 258503 243210 239794 234362 237906 226285 238947 246940 229981 247489 253858 234607 249854 235669 227429 249145 207264 259853 238056 226384 240043 243923 233881 239753 245497 254423 282527 230947 200472 224255 219963 251003 229275 245175 245737 244596 263994 255568 229070 256335 256957 224885 263068 262920 237025 223167 220190 255838 240710 237213 241078 213294 219078 244448 240583 239483 242635 215809 257019 255794 241224 228936 247166 242597 221298 223480 237616 238522 237031 257413 259951 231828 212333 228626 245021 209726 193456 242130 255101 210814 252456 250346 219981 221101 255821 255824 247290 
217513 221352 228811 230274 225599 233833 230712 237358 213683 218683 238117 223475 215934 233860 222939 241109 237436 214921 218979 237047 231207 233598 244181 249975 241753 232292 239484 212930 233322 186556 251018 227725 226891 228398 201046 221450 245925 231153 222460 245450 236259 206412 223602 224586 246588 230737 256426 245773 219741 249787 246614 217124 248825 262811 216982 257306 234823 217875 219453 222803 256940 238357 235824 222135 224050 216802 230760 237233 221824 212386 211861 255836 252184 217537 220766 236369 232459 207312 213974 225728 228568 220773 230421 250338 214855 200989 214707 232540 209168 196366 215658 242829 199110 240025 232941 217661 213590 243534 225959 226271 
257461 273008 247853 253228 254192 248943 256048 278587 255040 267786 270568 265379 250479 266671 286628 280044 258382 245156 250536 245211 269063 246123 260681 279274 264985 258268 267104 237762 260943 226699 268465 265074 253861 252943 240770 247180 264622 273547 266134 284625 248734 233788 265537 255869 263579 242626 278786 262656 253656 262021 268505 247105 272468 275952 244975 277130 258660 246243 255630 260788 269774 268538 270933 273330 266954 240680 255235 265106 257432 253580 240327 298947 286247 269805 248886 254253 293404 242717 255278 245075 272363 245385 262550 279163 262528 234681 250853 277567 211511 200687 238409 262493 220546 268173 257908 244578 234133 257266 246494 274844 
216598 227627 214655 242776 223959 221237 237988 229154 215721 226570 248633 222757 216437 241370 215102 232968 236626 214177 222565 235774 232821 232808 228406 249379 233289 219644 234377 207914 220555 199717 230864 238714 210646 224683 216150 204798 232559 224115 236112 261047 215028 185624 226320 217799 238521 215881 253217 232741 235850 251096 226283 205740 247162 255284 233426 274137 244123 225423 220931 235643 244549 244619 225259 233786 230515 223801 225672 234501 221145 215198 206781 238518 261578 216977 208074 218547 233038 218524 214012 206420 244214 212415 222037 252335 235609 203110 223975 236100 199847 191863 212397 244579 191815 228311 230796 221782 200235 240228 222130 243876 
207606 230324 188918 224420 204593 216234 206859 217833 198597 208618 240898 234673 220976 220644 200216 224624 224467 217077 208066 226451 222361 212245 245063 226296 220024 225314 209272 192370 219123 186795 223331 218972 213855 201946 206222 208917 211980 221433 219724 238788 208603 187311 206000 215662 207512 218322 224502 214319 211379 234442 227589 186765 240374 232035 207768 231589 221271 228190 205175 203215 229081 219768 226593 219693 212058 178971 218489 220494 210876 228084 189434 252217 218012 219683 191670 237904 235035 201840 208654 217163 209828 209342 230811 235147 205742 182089 201867 216510 184080 165033 207564 224675 195750 233596 219979 210191 185888 234225 217412 213700 
235200 249013 220227 245485 247861 231854 253007 259696 238848 243194 252187 240068 227132 252129 253159 264798 269140 240816 255605 240815 255472 252433 257370 272123 246091 252099 255319 233692 248539 193209 262579 247289 247638 246672 228155 241197 239988 247143 251650 287606 244167 208743 250137 254149 260877 244426 283146 261112 247322 247536 252435 256189 274431 268987 229795 270431 261884 244525 243051 237822 255911 259015 241691 262012 245631 236710 237651 238572 253666 239240 232078 262808 265107 248999 233942 246982 265950 232792 239186 228469 250178 227064 249762 274714 240190 207786 246442 258213 225543 211454 226678 270831 202845 256102 250552 224722 217638 259812 230955 244920 
233458 233084 229886 251479 228978 241752 236289 250279 232871 240747 250818 238246 211601 243291 248981 268062 245603 228690 230064 242219 238276 230134 251972 248876 241094 237138 241146 222118 244395 212019 253453 243673 229124 248969 231316 223838 235642 236029 245437 281364 229276 204020 233368 226735 245767 229100 259077 247307 224682 245379 250870 223057 269444 234184 231628 273743 254881 232788 217906 228833 271611 250833 234782 242126 245786 222238 230525 222660 243965 227580 229182 265326 270397 225669 221345 243821 252644 224618 207695 217786 244801 211749 236975 256635 236981 192925 223516 242062 212671 190531 220006 245416 194121 251808 241117 228155 210369 257130 242672 238966 
253131 251144 246674 255488 244256 255540 258010 253492 238287 240593 259607 242586 244368 260044 256113 251561 245230 230386 244991 238655 265526 241010 248136 265391 245306 257117 238344 230022 252909 211801 236559 244291 234811 250984 228244 250591 254740 255237 251931 261106 227591 223564 242857 250642 264261 246640 269319 267982 238310 248093 257935 236720 256152 270694 243736 287260 274887 246976 240932 230544 269086 265152 247039 261344 237307 242370 252919 244861 258781 241050 213297 271949 253962 238957 233664 244899 267211 240198 222577 245064 265389 238146 250985 255381 252383 222296 245615 248670 215695 188322 243340 264952 217727 264541 236077 244292 218291 244053 245737 259640 
257761 254846 253138 259592 252849 272828 261220 255485 250805 261281 261509 249353 235217 258897 262620 271860 268649 244793 247227 255786 257054 247317 261965 259463 257567 270837 243681 245290 273551 217486 267891 255282 238735 270710 239918 241792 248385 271062 252005 283440 243389 232177 245953 258324 257045 244319 287606 273253 237061 273230 280448 255354 271848 257212 238799 288183 272888 239945 244333 236736 295193 270505 279575 254063 264064 239991 259485 244215 263062 256355 233640 288802 262171 248325 252742 263134 271829 241678 235852 247043 268621 226740 263582 264952 259635 234605 255068 257341 218176 198160 234681 279681 217188 263701 262511 256473 236615 258668 251845 258932 
219059 240815 226714 247107 236892 243114 237424 235325 228235 234903 254957 230838 239654 253598 226075 245793 237249 219357 228329 242960 240783 224751 230862 263706 244333 237195 246049 224914 229992 198313 243712 238321 224781 243559 221707 226910 228062 242451 237472 257031 218334 202480 250898 243999 244833 234517 274952 232263 236728 253519 254194 232419 259734 266217 222845 257214 256497 219335 234989 225192 254462 251903 244032 256958 234956 232139 233145 231112 237210 229364 222315 265336 251367 229934 222331 235166 253244 228678 242924 233185 262555 235786 243381 252474 228794 219350 230088 243823 193502 191763 217978 257070 211979 238581 227581 237324 223414 243792 234308 237026 
281425 272917 249598 301987 263141 273355 262917 267894 264384 270640 295177 293608 269999 273635 274738 295753 258971 257618 266726 280802 269045 261361 278957 287728 264823 287266 273805 244684 283871 231647 301109 268668 268323 264659 246598 254466 280144 272009 288109 296568 254262 240892 251439 254965 280675 254614 291933 281936 278273 283205 292685 278488 296063 281224 253879 302250 275327 266998 263216 248145 292805 281069 292783 283625 257183 245471 290172 266342 271235 291468 257142 311865 286446 259265 252892 279329 280117 250538 263062 261039 271737 254171 285487 303488 261128 249453 255815 294139 233419 208502 266085 300342 238973 276707 286278 269172 242151 282240 255018 266514 
227554 231558 218354 252898 224279 240082 232316 228268 233329 224486 239375 234090 217878 236372 242314 238900 241486 231422 216900 233463 220546 226637 243344 238535 226040 215988 238595 214570 237726 194335 234378 235820 225765 223851 219430 213666 239716 236142 222815 268141 207395 202775 216414 223106 236495 221176 261548 234900 223009 260207 244304 231157 241567 251469 217940 259484 247825 225353 213054 209656 248598 225619 246339 237248 220446 209084 231167 249504 221639 235099 210609 267838 243301 231087 215125 239922 241915 212153 215706 229044 232281 230905 250804 247643 218717 196887 210706 230880 200010 174531 205718 241432 204644 243845 245853 231379 217086 244341 235886 233136 
241660 252102 233545 247778 230898 225656 244732 249986 230540 243995 256659 234481 234738 248944 261534 242605 242940 219728 239910 237912 235903 233094 242947 254950 259699 234415 243053 223639 243588 193161 263531 250479 242747 243442 213701 228385 247854 233170 248846 257330 230056 215998 227912 230748 262918 220698 256767 259560 228281 248460 252911 227016 246221 257262 222630 274634 253842 247195 229381 229044 258795 259887 238897 242811 243244 221661 227084 242190 262318 239697 207174 272069 257762 219904 231804 228625 253334 226720 225577 232015 237048 213865 244378 256662 243189 212992 249815 227557 212652 189662 234978 273206 220141 259940 252493 245223 196910 267031 230910 246961 
239573 253354 229366 253921 223969 245022 244479 252661 234405 246744 260020 255280 252890 241459 244199 249007 258605 223905 232528 241412 256658 238874 242310 265611 255311 251792 232286 226797 260875 214801 260678 242708 237424 234548 210732 228280 238721 251684 253592 278647 254753 211184 233415 257101 250470 245783 264239 244912 242517 250869 247386 223125 270956 254604 227487 261017 264352 243482 238496 230828 282108 242467 253859 241219 224908 240384 254303 242745 255150 237215 227035 270561 263261 233347 233328 245396 260599 217450 235643 236889 262799 212603 259142 260014 241659 220473 216409 233491 208915 182747 234617 259090 221889 243357 237385 249902 221300 257527 232737 240431 
261358 259321 244879 251157 239936 274866 273015 251789 247615 266625 275840 269719 240482 266791 259344 274307 276478 264813 248306 255692 262590 269472 261369 273464 251717 274128 258013 261646 276089 224321 245178 257605 251505 255869 240705 258654 277274 271086 263277 290866 247295 242464 256288 267673 282308 249635 303248 278286 249196 276202 262615 254931 290545 286115 246751 296260 301031 242427 252740 258602 289842 261112 280097 266488 251959 239554 270673 268203 271344 280644 231336 287546 275405 256770 246597 260205 279707 251845 231871 252802 289324 252898 268012 284294 255157 247825 271508 272279 228478 215756 246961 283957 242707 280587 279663 255587 229388 275547 254634 265007 
244689 245200 237627 242375 242892 253165 235027 232398 238427 234639 254401 247264 231764 246023 233585 238639 251213 232040 236555 252948 252457 245673 254297 253487 251231 241813 223220 231293 251555 205932 250285 248444 212761 239463 222766 223920 252126 231156 238759 252347 223245 216449 224915 236680 256453 241403 261002 251949 239139 251688 243931 212220 252851 252917 237952 262869 249061 230333 237776 233787 280935 230723 243303 251894 240928 218796 239112 247088 253876 239904 235359 264436 254985 239396 212874 238691 258499 223919 216538 209994 257832 227331 243338 244521 235446 218431 241004 231905 204095 170579 233085 247515 213851 245791 235605 232441 224000 261787 237579 238005 
228195 258475 230965 248409 226317 241516 247634 238410 236568 259034 254286 242045 234836 250966 245425 245607 255020 235391 223266 242435 251225 236127 245022 275689 253062 246653 242753 206236 250490 208332 262188 257781 227233 236786 236585 231140 256988 244120 256561 263957 234821 223926 237247 249755 246237 226183 252687 251297 247133 255339 247995 224535 254172 261009 231991 273798 248170 237763 227143 236762 261756 250962 253491 239590 233964 226827 244795 248724 242202 242693 236823 259686 269060 242710 247351 247017 259904 216890 232563 231671 238570 220051 261413 268773 235929 221188 242246 243293 219776 190001 227574 253846 206577 240354 229123 240151 215960 260941 247978 255162 
254168 249868 261126 271280 250307 258698 274254 260385 251237 250734 272606 264199 251832 263283 257669 270035 259622 234678 246325 260639 258754 244558 249474 262291 253388 263409 247530 234717 265450 217120 263978 257216 242620 242915 228608 250683 269887 276564 270099 286616 233499 236470 248854 255249 282547 249076 283115 264234 259000 262683 263551 258362 277054 282577 261752 274964 264100 235260 249716 244236 279101 265129 263290 276418 245056 253063 265494 248968 254690 255259 244545 274011 264626 253287 238913 270859 277044 231615 234810 232338 278210 245405 267119 260963 248388 235300 235533 260292 231833 208625 249803 264442 220170 250754 268804 248298 247284 250022 261371 266270 
246856 255412 232524 256484 256491 259705 252850 252415 254619 237732 265588 248309 251866 269783 256160 264198 257182 259858 254345 255490 259390 246529 260373 265280 237990 259730 261394 230042 263908 234851 245685 254681 247249 245966 246034 243166 274397 259285 238700 299473 243375 231820 249053 255386 254879 253831 278815 254239 256088 281905 253526 249922 305448 269532 251656 291186 286206 228615 239920 249260 283069 275789 266386 258874 239408 247954 249244 248416 271663 256133 229327 273572 273581 244456 246436 259225 244071 233519 226044 235517 259108 239350 264590 274500 254987 220419 246339 268107 239398 207635 227344 276545 211949 255112 269334 254810 227106 258946 238521 265260 
226108 227864 220491 235001 230990 239049 227734 228023 222473 220686 246623 234379 228446 252091 217768 239538 223851 214654 220987 240330 239250 206621 238937 234786 240849 236404 243245 213682 223103 191681 230007 222500 217462 243522 211815 207058 218695 225543 230589 247375 204708 197628 226364 218394 226031 215142 257828 235911 219763 237640 245106 207593 248987 235320 223223 255351 219383 209461 235362 221096 239413 235527 240764 226808 233406 218343 217319 224594 218801 222772 212743 246979 242360 209508 217583 224303 229461 215889 228655 219898 227590 218593 224509 234373 226814 201692 224211 227115 200568 195476 213513 241273 193479 228244 223012 204955 210458 243023 233878 218827 
253553 256513 246722 263413 265750 271772 262855 259926 244622 262003 263864 258360 249685 273021 259354 259854 261187 257446 256945 267981 258500 255202 256286 265156 259805 281951 248228 241022 266001 218090 270630 262898 253047 258698 242928 238198 256851 265237 274574 287562 244229 242209 249467 265145 277619 253041 298700 284720 254740 277592 284568 243504 277563 274509 252904 280545 274801 250483 257331 246081 283650 282524 273025 269870 240823 245038 269750 264334 265108 263050 235468 289836 268118 256855 242424 272045 289031 241827 257302 246065 268849 244208 272731 257779 266450 232384 258880 258434 227728 198169 239833 272992 218949 262274 254806 263280 226786 267504 256426 245100 
276514 280953 257787 285792 248614 265022 242911 265536 273551 266278 287818 276854 269506 288333 268698 278067 269374 261676 250190 276141 277440 250562 278055 301359 265133 278867 260932 255653 282670 245219 297639 274188 255877 254316 259015 243537 247983 256309 284620 301137 275178 234180 261472 261632 281312 256765 291459 265308 262011 291869 278034 239221 292948 273288 255138 295365 288777 261478 253240 257706 291069 270352 285269 273771 264160 233986 276161 268164 273657 273302 251243 313855 285541 277432 261769 275056 282268 272373 246350 258993 281036 258735 284977 285947 264074 243078 260090 269504 229985 223619 256506 276048 225405 277103 279501 253184 231255 284247 273732 274849 
246053 248946 245585 250736 262498 262796 260365 275736 260804 251829 275415 277488 265107 278116 253268 263972 272936 260358 267292 270618 263205 276923 265684 282881 256524 251357 246438 263599 270086 230087 274217 265192 257524 254948 238277 240961 264560 283720 259803 297467 268365 244060 256342 277388 273951 270511 285465 265584 266756 298814 266469 256887 284860 283882 262936 289051 280888 250990 248792 268747 302535 262419 276265 272273 260211 241493 261833 267530 275269 260186 245244 286996 290266 264844 252062 259699 276606 244992 251477 238934 262805 248854 279529 282761 265857 241555 268647 255361 237552 212492 244148 276847 229896 274746 272904 250126 232599 270931 241918 264008 
242357 240829 241861 253995 229974 251279 232656 239452 232604 247892 250919 256611 239770 250095 249631 243692 226691 223080 243716 244084 237008 231670 243823 265377 247012 248130 240254 223356 236228 202778 260277 256247 232361 218387 227289 228024 243862 257208 251519 268998 225895 205736 239122 248332 264212 213250 262834 244412 233923 251458 239256 244899 275693 275819 242484 261890 252480 226711 241787 240905 250336 249020 259451 235555 229946 221097 251528 253881 259194 251377 219007 265201 254427 242164 232640 245462 258342 224069 238945 238912 244295 216351 249058 265076 232896 205368 238704 240359 215449 209403 215580 264005 204323 263156 247607 239999 208186 240027 232177 232582 
259157 253938 247341 263646 250132 263704 256863 259393 244675 236743 279357 254420 250418 266532 252697 271154 258606 227543 263746 254425 255701 246578 258888 277685 247624 271581 261431 239916 256451 225306 259427 256107 246266 261412 224321 251082 249328 253613 248768 280177 261746 230808 259443 252425 263740 247692 295762 270991 256010 275983 266219 251451 293568 276979 250407 286992 260700 248617 245459 246800 269146 270166 284604 259876 239597 249679 262736 249908 271034 247099 231746 269874 276402 238740 253122 245626 256321 250865 252058 240073 255491 248218 271597 270215 248718 247973 240955 260635 223840 217891 231886 276875 235541 274368 254158 248827 241830 262621 251864 249577 
247838 255086 249650 279166 258096 255053 256907 268501 261210 250397 275705 261275 245180 263403 252270 270719 254895 240023 260426 253879 255883 260835 279591 259524 246716 267787 240871 245102 262425 218193 268204 269937 255362 265243 252880 251308 261733 256564 263518 293086 241571 239997 253369 252151 261170 267536 289458 260604 248976 271659 277055 240715 286081 281845 260546 278075 283118 252573 245162 256633 275756 255941 275390 257841 251206 235106 250152 267290 260126 262710 218629 288133 268124 250073 231219 271325 261964 238181 248372 243707 254989 248774 264214 282740 244819 227206 246998 249593 237460 197592 241126 268073 232023 284243 263284 246664 237644 270438 252644 263634 
228563 247658 223654 260433 248545 246770 239442 252208 237128 255272 247416 239175 239546 251647 238087 243188 251796 245170 232212 249358 232461 259863 235881 267889 246309 253342 242163 223561 235203 197759 279417 256336 246987 237855 236348 224339 245477 249269 257797 270069 245580 232010 232172 251362 245490 242590 268541 254615 239406 266951 253783 238901 259088 261706 242611 281463 268599 238812 238553 238801 263251 254930 251801 258174 242866 227595 259628 260946 247538 245435 242111 273983 258629 236618 226395 253168 268697 233577 238129 239658 242873 241134 265119 254339 227870 213509 239681 250192 220933 196604 230484 259494 216084 249001 254502 248133 228679 260104 250688 246944 
233704 240932 230044 243292 214718 222154 224811 237328 229207 227325 248183 232545 235880 248169 225930 235062 232007 217770 223066 229906 229087 214644 228356 245869 235362 240377 216506 213707 239840 208591 235292 232178 232285 224737 208323 230307 229421 234900 241278 260555 238605 206664 220063 229162 247098 218815 232548 230672 213118 244508 233320 227425 260792 258888 226304 248344 263446 220378 231817 221970 256584 234879 251875 237054 224748 223876 236748 230871 246400 237999 205153 259220 237482 221487 227033 238687 227309 217449 211433 225122 235632 228883 240901 245919 243286 205501 226600 245989 195169 200055 211641 252918 215521 238866 242762 230920 210603 228290 226174 244361 
230211 217999 251325 245944 228376 243011 248535 252801 227930 225773 254193 238864 215077 235550 229449 252038 233245 226728 241978 237297 234987 228725 232688 234611 229004 247727 227553 223548 237759 203615 243358 229295 224745 251002 206855 228508 224174 242780 248339 263813 224158 210117 240397 232754 252959 227377 265922 257187 213086 232061 239516 241490 263270 232669 237200 259081 252909 237958 224484 228739 260633 248476 244542 246939 218322 225280 234337 236915 247045 233299 223165 249526 250192 224077 212060 247315 252907 214097 221382 220783 223879 227840 229150 254422 232280 213956 246740 240617 204843 187794 213135 239443 203637 239613 241043 233253 217565 242034 241755 218755 
254323 257575 257938 267499 263324 260038 273576 249543 259290 251869 277232 255736 255614 273058 258700 271237 278246 268411 266177 276088 255028 253450 259837 282409 259107 260585 256481 246436 273383 225949 276476 264729 243551 250867 226922 245223 277036 272807 273597 295636 271393 241731 253132 269982 294872 254453 286712 276776 266456 290792 288690 258737 282978 281054 265924 302967 274652 259982 264490 247933 286998 273248 272584 267700 244624 234591 260248 251461 274278 269273 249713 280204 281751 266864 258543 259226 270057 244577 242553 258071 256563 238214 278907 276254 250851 245329 262003 267659 239333 228793 253290 279341 242477 273037 266836 268869 232550 278816 256133 268343 
250232 246556 235609 264786 230659 241870 230509 230603 239070 248104 268560 251889 233448 255785 254580 260790 245045 236063 242406 252597 251555 246230 249805 248622 248488 247645 228597 223312 256645 213062 263992 257713 220472 254811 244845 247689 236394 245803 241342 269734 243463 222698 234495 259521 257387 253286 249227 254000 239384 257636 261756 221675 274331 255028 244828 268268 271091 240115 242792 239053 268321 253142 254582 249306 251899 222502 234024 234181 252246 245160 236669 275031 266438 237322 221222 234018 257220 226228 222421 221226 251783 236760 250608 262857 237486 218057 229617 253717 216951 185692 243240 260054 214071 254114 247091 236918 232299 257282 240335 250045 
211402 213117 215497 245193 216886 215154 243448 217503 214990 220168 229023 217289 209127 227505 222873 249588 226180 223111 234780 221462 221380 229807 222646 234686 221803 218704 224316 203339 229199 193145 229730 229518 225403 227171 209854 210589 221291 226209 220072 270753 211187 203326 232964 239108 233167 215469 249315 222668 223999 241703 244456 221089 238291 242209 217910 256928 230959 225402 204787 224251 223297 236012 219438 228928 220805 213071 223059 220234 223286 212680 200338 247515 245694 215020 211372 232181 222299 193248 206489 200183 210841 205722 222846 246546 220235 201105 218009 226020 197890 184575 215121 243244 188430 238999 229662 208484 202448 230344 215473 221371 
251073 274230 271118 287830 266068 268970 280553 261888 256632 276516 276673 258798 249399 256374 254858 277913 260502 241923 261130 285378 246113 258244 280223 293525 275540 260351 259107 245332 257593 208900 273800 255624 249095 274389 234984 245373 273501 259946 286861 269952 257806 246575 259762 256693 279560 254863 299663 280466 260199 287086 285911 253647 283676 285427 265708 305299 272899 266356 282179 257604 299227 266460 275553 284602 264190 253169 257989 281719 274087 275472 258408 279190 296662 260018 243282 266897 288251 255095 257919 246085 261611 260007 267230 273659 262914 254363 269127 260591 220150 215225 252073 281651 255278 268951 267958 271692 233732 291246 257271 250201 
253625 238700 238083 269937 239416 245058 246864 257739 247390 236329 264655 257319 245849 254932 236895 232820 249653 235924 232101 252973 252704 234088 261665 264916 260772 252161 248113 231029 241595 201859 268281 256200 220447 254419 213552 228246 248735 237014 263553 268563 228450 202116 243586 236392 252007 227079 272452 264570 231963 254641 260843 222190 254733 276733 247000 271462 247678 245151 241433 236562 254940 245561 267894 235267 250491 234871 241002 274650 247761 246759 220957 274065 264071 237415 232403 247127 263683 213695 230122 235767 241874 241806 243669 261667 239351 209415 238674 248384 206671 191367 231157 263050 224013 261886 235775 249861 212466 256267 232757 240776 
221370 221789 213615 251098 225324 236948 247343 242654 232806 236666 249314 240376 225328 241001 243797 257574 239451 232380 228531 237670 246594 227445 235232 249753 239771 240444 247822 218608 232064 195791 241715 241257 233208 243396 213691 225333 246608 251607 234256 264179 219871 221549 220811 230966 251400 226396 254555 250847 239624 260563 260547 224020 245707 236970 229451 273087 234722 234481 215905 224156 255118 242074 254675 256148 217174 214871 218959 244714 230863 241173 220141 252046 256203 230559 224584 232146 236950 210552 230162 234098 224326 222053 247813 261425 226076 222284 218569 233052 199210 181427 226090 249300 194947 245250 250878 220090 219177 240674 238209 232785 
234695 240934 223060 237592 221480 233279 245604 227718 233510 223535 241064 230390 231923 244588 242992 230279 224896 219045 218962 225265 231093 223236 226649 238640 221370 237448 227978 202193 244747 198237 236485 232701 215579 226768 220827 229592 250771 227899 242915 259096 218039 216658 225718 238931 233088 218419 250001 237399 222546 242120 244759 226697 242750 252004 220515 261448 253649 225693 229428 223443 238395 240923 258033 224955 232532 228637 232769 241823 223890 241344 212180 246231 235586 244523 221174 230290 236823 224916 213149 220612 238904 223824 241177 236895 235604 212510 219936 231089 201824 198853 220321 230461 193773 224029 228331 230967 182016 235544 225825 234116 
232264 237250 225503 251465 233037 243705 233898 242893 231565 243266 245188 232240 226442 250461 238837 266914 239516 234502 208701 242316 223196 224827 249151 265494 254960 251772 230300 234697 247173 202477 242377 237337 234902 217727 215988 224348 254682 248132 259450 260818 223776 240557 222401 224837 257378 226939 266470 256481 234130 252680 243601 232020 249252 246155 221597 276781 243956 253994 240961 231758 259629 243320 256104 246101 227617 225218 248235 258569 249733 233912 218848 263845 246612 242461 223584 250709 248663 234582 221435 230734 243025 235906 251130 264930 235983 217731 239356 239002 204730 189064 217408 248102 215717 247951 241193 243357 220393 256482 227455 235552 
236708 234059 237048 246295 235103 226727 245662 239023 218877 206182 245087 232314 221256 228866 250215 239660 243720 219888 239936 241803 241745 236810 246869 258178 248330 227461 235974 227456 250035 196153 251015 245159 216438 240259 226621 213136 227664 238508 241005 261206 234255 211191 241063 255983 257784 237308 263501 248737 218677 255751 249861 216675 248148 249181 248009 264490 234428 237253 214491 227030 260492 246636 231566 241138 227151 226476 221988 235348 240297 222664 218164 270318 267173 227225 221622 239418 263343 210304 225109 223636 231562 215583 242699 234191 228867 216402 234219 236409 195173 177465 225924 237746 195418 248297 247651 228058 210690 246282 234787 234489 
226026 233120 217690 246666 218399 221977 231538 219969 232862 238183 238452 225558 219664 231397 232999 241963 230764 207979 234351 240396 223963 227576 238251 244437 221112 226900 227542 228082 227545 199447 230322 224569 226106 232404 203222 210735 227476 233274 232915 251019 244064 215408 233359 241084 256455 238683 270735 229905 218825 248359 232492 228787 253662 245322 234156 269729 265055 236168 221308 239269 258756 235097 248084 236852 218106 224134 232814 236588 231726 231669 226001 258390 265348 227889 228589 221972 248533 221422 210348 215786 236316 234498 235370 244988 218066 208293 227599 226745 204101 197172 214529 247022 225039 248541 250435 235820 206825 260838 225752 230280 
259563 250025 250376 275460 235882 261474 260913 242868 232224 261375 269341 256089 229759 251975 240807 265242 250821 247941 238867 263446 253648 261276 270927 275026 249633 261493 245652 234931 258150 218245 253609 271457 246273 241733 241399 243337 254192 249556 273817 286955 237497 221437 239330 249588 262534 245987 272344 256449 243874 268908 263760 234672 278943 270563 260938 278312 280712 242111 258329 241790 283640 245980 258370 264604 240616 235770 257970 251865 268433 254190 236946 267919 277719 252951 233924 258355 256035 246627 239372 227587 260750 237099 263753 275758 248191 235919 248824 257183 220083 203090 248392 253177 227306 259930 248175 237945 236223 259237 259364 262535 
243581 249134 240442 261233 234849 237707 253067 231452 228067 233946 249692 245938 217410 245360 238793 252157 231493 231170 232175 244567 248436 230662 243896 261215 232341 244552 235917 225656 243339 217645 269556 241465 215787 243132 225966 219330 232038 237563 258963 260138 240092 213016 238439 232644 249644 222122 264542 249445 239672 253487 259423 235656 271222 248228 237859 277691 234394 228046 230706 240471 244115 248573 253654 234865 231373 216508 238175 234594 243386 242772 225899 267253 277898 241036 220972 228119 252467 216231 238172 208283 237846 219425 241063 248971 245208 221299 231610 254889 207859 202299 230899 255000 213195 233721 246963 246910 204341 254163 222288 238979 
251972 240454 246000 255159 236056 254283 269087 270817 248300 248771 266442 261869 252013 262196 246266 260455 279866 242613 257891 266588 260102 259101 264591 260458 256510 266558 244804 242757 254587 222058 253317 260377 247712 266435 235489 260257 261244 275620 265066 281398 243757 240031 248252 268096 275935 248099 287112 257773 245507 272185 270901 244288 284272 282997 263593 281099 269677 250729 254635 274712 274233 265569 279608 253949 257359 244957 258277 262151 266357 258074 232987 278533 262139 252595 223290 266222 286256 240505 231153 253546 261502 256423 256889 265782 247163 222271 251823 255756 221590 212263 251432 263767 220532 281832 260376 249963 237011 249802 255210 251078 
221769 229371 230877 238721 233901 229605 235198 229380 208743 231472 235938 224718 219326 219597 232534 221929 227392 216909 228207 234589 237890 230502 238632 234478 220852 233128 215692 210220 223134 179621 242384 225203 217015 227121 207910 217270 234362 237850 237770 235787 219683 207848 228297 240942 245349 226887 245749 245169 216663 248285 239100 223773 244495 243834 228995 261598 250785 220473 222118 216248 252400 245370 233856 242010 218541 217708 245871 240040 234790 241642 226384 250703 251665 234887 227362 230262 247858 215123 221667 212444 238442 220856 231747 241338 225796 209536 241020 221542 206228 178357 224079 238357 199728 240133 230415 227092 196786 229445 235122 234353 
228498 241717 231480 251207 228313 233814 238882 234987 225397 225941 232662 233597 240367 237031 221198 232256 242476 215502 228375 242694 237163 235087 242570 255403 223590 233103 238274 219529 228167 194787 255968 228108 216186 243620 210663 223045 228403 225337 235773 246805 209840 209369 236660 236401 246118 226238 267312 228745 219650 254857 248396 232796 254390 254956 215957 251401 235050 216507 223560 238107 253396 247399 240623 240836 234955 215579 235816 241284 241398 219271 228014 271287 251145 243533 214299 239977 250064 205382 222669 223043 236221 225558 241810 219460 231277 205236 223783 221618 195100 184593 224390 246752 211519 236319 234930 234670 219814 239203 240782 219411 
243021 226016 230344 265693 221110 231932 248891 248765 242739 245387 249846 230225 224280 257313 238881 246046 249589 235180 230577 248261 246929 225135 256393 251656 249510 255507 237289 226577 252325 218202 244084 251846 233153 253969 224676 234367 230880 241342 268770 278433 220365 208027 229483 227885 265470 208084 259715 251693 231339 268601 258448 232982 252509 257362 238751 270504 258735 235294 223658 234602 251031 246335 258324 242394 243718 225898 249875 230508 234728 236938 220119 271323 258749 243883 220545 242275 243349 223336 214374 236685 240955 237547 248732 264146 248211 209731 234434 241366 214210 192201 245515 263840 210982 256698 244406 225697 218869 250915 251053 248898 
244782 257810 248672 265788 248020 254297 251375 257612 243819 251924 269605 260873 256747 254683 255266 256718 236443 224262 238240 254922 229934 250270 265267 260848 258560 248444 247591 248470 256208 211830 261959 249849 241870 255995 215463 231691 256021 261293 252021 273983 247269 225707 239305 257945 269185 251768 275649 255226 238553 268611 255290 244163 281020 273600 255992 282860 260209 238530 241558 233518 278011 253318 260026 240192 260621 238048 247042 266307 258463 246223 237597 277438 281150 237845 235212 244163 259970 237769 224053 229742 241766 244251 254356 264058 251742 225446 237672 254230 231503 204340 235824 249393 211692 252893 261388 254499 224725 262243 242269 249186 
248515 265968 247836 274041 258377 252944 255608 271952 268932 266375 269577 255565 248638 268474 275629 275864 277844 246117 238961 265667 258505 253368 274099 293909 270596 264940 266514 253965 268590 228990 273260 259651 260082 267193 254532 235746 248736 263388 272888 290615 254151 230712 249643 260616 282274 262908 282509 281168 256338 299544 276057 245844 292762 277032 243649 307535 275542 251652 254773 257054 280984 288071 265332 270900 255135 229735 256880 250347 260107 257193 242649 304904 295794 257606 243629 259111 273793 258304 238302 250355 263558 259154 278157 293858 253662 238970 248896 278212 230983 210605 250948 285881 228115 265749 276944 245200 238986 278233 248861 271717 
232512 222340 218033 253588 231321 233858 216746 238300 217620 206881 238827 222460 219243 221082 215389 233002 232955 217760 211647 241230 246445 217404 216854 218499 216361 236851 213388 209163 240933 204083 226710 219424 222320 231607 207787 223728 218359 209827 233492 260478 226287 211405 221686 237140 235676 222616 245981 233351 223226 245158 231441 210372 247844 229166 219832 262161 241349 220229 220934 204909 230931 240404 248259 229029 222550 210288 235324 232965 227805 234837 220888 251656 240269 245154 217376 233542 241749 205211 226745 210913 225106 236270 244108 225477 222613 194663 218713 243257 188506 188908 224862 241452 202512 233563 235016 219335 217290 226778 229551 242801 
231793 224057 236789 251147 232301 235436 228341 217344 219319 218536 237748 229133 219539 239951 225330 238874 225601 217051 221396 225331 241952 227704 230496 243140 222381 232867 218898 213893 247038 199224 248703 233056 215448 219350 219376 223701 215651 226088 237925 254430 221575 211456 221296 222205 225666 208959 239340 243074 208964 251014 235620 216406 238143 243624 215833 260992 247777 233068 217521 216476 253515 217476 230174 230549 214713 210245 233436 235974 237982 222313 207677 264956 237420 233775 218524 225339 237736 208040 222904 216655 219161 215791 235717 231914 233464 197466 206598 210635 200654 174530 222942 240547 209834 228891 237729 223165 201441 236669 227068 226327 
234280 234197 220644 230113 220048 229287 236185 232702 234602 241132 247359 248850 227730 246966 235041 253648 246130 222978 234387 247602 236914 229756 227717 244164 232661 225144 243282 201834 218456 199669 240658 246101 232502 210453 199217 227869 232823 229599 246687 269822 229615 193232 221122 243043 242108 222908 257599 256385 229037 257362 242177 236800 238917 260053 238073 250247 247973 221108 237752 226687 266531 231911 230231 250277 235531 226787 239372 221343 239607 239490 204870 270148 246209 213186 210384 235616 249546 234170 223317 211646 249461 208077 245914 249972 220965 220305 229423 240383 210389 192673 230381 254535 214667 239030 231547 237717 197456 238721 218769 238878 
254591 271776 249811 265458 267484 274670 249098 276316 252517 264504 294032 266583 275250 274903 267704 276239 270666 240261 246780 265007 267685 261287 260174 270928 262912 281916 258431 251989 271652 225313 273439 277385 253572 257371 249343 270471 264083 282672 252167 295178 257585 235950 263987 279732 268216 256174 286313 265695 252879 300876 257850 255967 284443 278374 266212 293337 285856 251200 255281 264024 293718 266118 287276 266774 261009 255601 254431 269877 272172 252397 242827 305171 272905 272322 246045 266011 276474 256979 257338 264130 276434 258491 292432 268985 251112 251104 253768 276913 212748 221855 259802 264820 235588 265271 288464 269793 245334 281742 262941 264311 
250171 271809 258876 281688 268596 264059 263144 283865 258594 280684 275757 274062 260410 282491 259654 276434 284408 267764 265364 272855 271778 265097 284465 296527 274106 276059 253857 258027 279705 233542 294602 280989 268514 264470 253015 253926 273351 283693 285752 303145 266856 227886 264233 273580 288466 268766 299376 273461 269668 294816 278745 277361 297848 295105 263142 313356 291787 265186 257239 260129 294210 282383 276599 265602 259065 254573 275034 254598 276709 257931 252717 298731 295410 276409 264805 275791 277352 259537 254773 253521 261256 257285 289012 307731 255972 242026 274921 261644 252407 216259 256284 301729 240065 288473 258939 275081 246274 290955 245489 279701 
250447 225492 232024 260235 227102 246205 264886 267045 248241 238687 251583 241268 241807 246896 244844 257230 268016 227453 233344 252670 244130 244604 250868 247387 237463 251688 243757 225721 255435 222014 260344 240929 247352 257973 206072 239091 252100 258924 264573 278143 234244 216279 234204 246969 255655 242227 269458 261104 231492 265773 252477 235177 265857 245405 243351 273609 268068 233404 230182 243527 276808 248321 264485 263849 241761 228681 254040 233259 245111 256651 234222 281971 275100 234803 218801 249583 268078 228985 232753 227657 264450 238375 266631 256935 253023 219850 234215 250566 215606 187277 242657 259198 219662 242265 259129 236750 216832 254320 243261 253583 
240552 229067 236826 243042 234937 230048 239075 247758 225043 225764 241767 240375 236483 244649 231548 229920 239726 231114 237168 230454 239541 232475 240415 270424 242128 246268 243942 224159 246313 204245 261136 239788 233605 237300 214036 222144 220068 240103 245509 273303 235973 184846 234387 242564 241182 230349 269313 244947 231089 250300 249598 229958 266613 256404 222562 252495 272195 226673 230822 229594 269397 244477 244426 237591 221287 226140 236169 236263 254956 230974 204780 273943 260224 213757 233914 229416 241050 223724 226711 221183 250247 216875 250280 259699 242041 218240 243486 228282 202471 182853 219889 261290 212962 246325 238959 213157 198855 237032 227410 238526 
260443 274986 262087 276160 269367 283811 278549 274803 264556 262329 280336 256874 257976 271982 284133 274360 271830 250636 256663 264853 272089 268492 265507 287001 272070 265086 269711 247288 269627 219926 275260 274178 251500 272211 244803 244568 265880 275227 268685 292778 241580 241469 264516 260913 269691 261031 293504 292653 254520 283779 297582 263451 276998 272371 272687 309316 285707 264612 261398 257608 286328 284993 276974 287889 274070 254357 266147 269385 274202 268052 254253 294574 278762 264301 249422 261532 288707 247387 265973 258702 281289 239864 269430 283357 261590 252647 268388 274138 230379 213956 251395 272529 238044 277456 268007 277065 248449 280438 262649 267751 
240728 229730 243677 257554 234383 247611 249267 232964 236129 246560 258078 243267 231510 255973 241706 244195 231824 228461 242761 233534 237857 228075 247864 243913 238927 264038 239691 228871 242521 209330 236303 232834 240279 255419 211238 243693 256070 241263 257170 272313 225651 204838 228848 222520 257104 212435 264829 260514 221664 252936 248003 236531 256203 261288 212318 262104 274885 228976 228862 231298 260511 247932 245414 244265 219359 214046 260198 227932 250754 247421 218259 268531 248740 246794 219522 243844 244573 238586 228170 237393 256768 228726 229679 259321 251375 220732 241389 243209 208389 199152 234342 280746 233145 260685 239582 242349 212816 254851 243103 235798 
260516 267650 258450 278652 271288 265931 269503 275212 258020 256819 292885 272607 259829 273709 266140 288684 258201 246124 260943 262632 272199 258443 268256 295412 265977 276393 268705 234689 278474 235863 290662 273497 257670 258281 254733 248868 271549 279667 272294 299340 257351 234379 262818 260084 270580 263776 288792 264362 266634 274699 299498 251694 306048 283027 264604 283618 279892 258476 270619 244513 302487 270139 279321 260994 251022 255559 259571 251641 282814 267070 257085 289501 284154 253664 251863 267350 269390 243798 267430 255151 270898 239161 277435 280056 246090 259399 257396 268896 237263 219274 258851 268748 230841 270690 255434 261260 258845 274286 259983 276024 
240085 251877 224538 268338 238237 245919 252912 248411 243312 222263 249186 238267 235211 264040 247797 250794 252312 244802 252978 248736 245442 264689 250334 265433 250409 243907 237872 231864 248702 205090 245019 251690 231132 251364 227638 244396 248970 245726 248758 268001 246835 209091 241328 270081 276709 241373 280545 255986 242523 261235 254077 247153 275133 282841 238956 276983 271560 242591 244022 235172 262397 266608 250105 245828 250194 242878 244053 243252 247976 239394 229328 270234 249312 244715 219094 249289 260090 228354 227170 242569 261204 248281 262267 263864 233168 213390 235971 260308 211419 193516 236555 276478 213854 260451 244848 241556 232968 254177 242521 253223 
