20 57 48 91 15 3 78 77 82 78 63 44 93 45 33 93 13 35 8 13 94 14 94 28 94 78 55 81 53 92 35 88 73 44 55 48 28 53 86 69 80 0 97 68 99 84 69 64 63 53 91 34 40 94 24 56 51 80 42 99 17 35 15 12 96 3 68 27 89 27 37 3 23 80 95 69 54 6 54 88 56 2 64 68 20 79 25 98 36 71 61 36 1 60 75 10 68 24 36 75 
47 53 74 79 97 45 61 17 70 37 31 53 82 70 51 73 27 85 70 55 29 59 8 21 38 36 76 20 22 97 21 90 69 72 39 71 14 19 51 37 98 51 14 55 90 78 25 55 57 38 65 36 73 17 63 6 31 70 79 87 17 2 72 90 21 66 67 86 43 86 5 41 95 63 78 53 47 1 72 43 85 16 16 46 97 8 23 63 94 19 42 27 70 81 18 48 47 66 34 99 
12 27 76 25 28 34 0 80 49 15 30 21 24 35 25 68 56 92 30 48 44 49 59 87 89 40 69 56 64 45 41 59 68 81 98 40 38 70 86 40 18 89 49 21 93 89 98 49 31 26 81 4 75 38 17 25 69 47 19 89 96 21 90 50 88 85 24 24 37 53 41 37 60 86 67 66 57 88 2 40 90 25 85 64 23 9 7 27 67 92 43 49 42 25 18 24 3 33 87 67 
12 83 73 47 75 30 31 30 47 83 72 30 92 34 64 44 27 99 51 22 26 1 32 50 75 97 57 4 34 87 37 78 59 95 86 46 56 42 9 39 8 7 42 43 57 23 96 12 4 83 36 6 83 21 96 65 38 58 76 52 28 99 40 21 47 77 17 17 14 69 48 42 92 99 43 43 59 62 67 28 42 21 82 79 65 1 54 50 56 39 5 62 22 83 43 11 52 57 68 77 
59 55 46 39 18 47 75 57 95 14 51 63 4 81 73 8 89 12 46 49 52 48 74 67 43 17 73 86 57 12 73 46 16 68 14 49 87 84 34 55 24 0 35 19 94 12 29 35 62 90 92 25 63 74 81 3 9 4 12 68 87 93 34 16 7 77 16 14 70 84 48 7 23 7 54 6 57 69 30 66 17 95 96 28 64 48 88 41 61 45 87 98 74 96 49 14 76 73 28 24 
80 69 81 86 31 47 62 97 45 57 28 14 10 56 42 28 73 46 22 91 1 31 6 40 89 65 85 70 91 13 43 96 36 39 26 4 10 29 26 12 49 91 68 63 52 56 30 14 43 25 42 31 49 86 29 41 76 21 70 50 7 12 3 26 31 37 73 5 76 56 62 26 70 63 32 60 16 76 45 29 8 84 10 42 21 26 96 3 92 96 67 91 76 82 33 2 68 19 51 40 
7 56 2 69 48 9 97 31 61 58 17 35 4 67 81 76 87 96 99 48 29 64 6 33 3 63 37 27 52 85 49 62 0 25 30 55 29 82 44 98 40 41 95 14 42 30 47 53 10 71 10 17 54 15 46 83 20 88 40 62 3 48 57 27 49 48 7 17 4 73 79 22 60 86 76 36 11 74 96 32 40 84 49 38 12 48 83 91 46 88 44 19 40 63 97 95 66 76 11 11 
99 86 16 35 22 23 70 87 35 46 16 38 90 30 20 59 14 76 5 35 94 19 39 62 28 66 55 94 91 49 39 76 19 42 93 36 81 39 7 44 81 35 95 71 23 1 44 11 21 17 40 4 31 34 23 75 70 2 53 56 51 8 35 74 71 32 52 63 55 82 29 34 25 44 53 63 99 49 87 52 61 9 77 18 18 44 50 98 79 30 10 48 66 52 24 19 76 64 64 22 
45 64 30 39 81 85 7 18 68 55 67 20 73 96 70 69 70 93 87 86 39 50 41 43 81 74 80 76 57 22 36 22 13 58 17 25 70 82 7 76 31 94 82 8 33 69 40 84 96 18 14 52 77 78 32 17 96 32 61 1 79 35 38 79 15 64 46 13 91 40 70 12 87 2 50 64 94 28 44 28 60 13 98 92 25 39 66 46 34 8 41 98 81 79 73 41 58 76 25 11 
45 74 45 39 90 44 33 19 84 53 64 38 17 9 53 90 24 36 55 77 80 49 74 26 44 36 77 59 43 52 73 47 79 40 46 41 48 47 45 27 2 69 86 16 47 23 42 18 22 50 47 64 37 96 99 66 88 72 82 91 62 43 64 64 75 11 19 2 98 31 13 94 89 79 60 34 52 5 41 63 74 76 90 25 38 16 0 18 40 62 24 27 62 30 82 99 25 70 42 46 
64 12 49 77 93 63 4 74 93 66 46 2 9 50 92 17 34 5 12 98 69 58 0 32 83 19 29 37 98 41 29 96 97 67 80 92 69 82 97 78 21 11 65 67 30 88 34 68 6 56 89 14 50 25 8 2 22 13 54 83 98 97 87 49 2 3 80 66 45 2 54 31 78 38 59 38 82 19 54 41 54 19 30 90 68 74 77 4 99 9 93 32 40 88 60 1 42 85 8 89 
26 10 21 21 96 45 34 19 81 46 65 2 37 13 83 69 10 58 71 80 57 33 94 95 45 9 88 56 74 76 4 95 24 63 77 36 64 52 11 97 18 21 40 53 72 75 81 52 77 7 19 68 33 72 54 3 8 65 10 50 74 32 25 77 54 99 98 36 30 45 67 18 93 73 49 35 98 47 2 55 4 3 11 81 51 74 19 9 66 74 36 58 13 69 5 47 77 69 96 16 
65 3 52 40 79 41 34 56 16 24 75 18 72 98 9 31 62 16 87 85 27 31 34 90 15 4 1 1 56 66 11 10 30 31 72 12 56 9 65 96 77 34 12 29 1 26 4 70 70 1 32 23 10 13 42 60 66 40 81 90 0 96 51 52 76 34 77 69 44 42 12 2 62 66 42 99 82 65 19 17 8 97 16 67 3 66 97 85 39 81 98 52 21 78 24 47 80 73 37 33 
37 79 10 28 74 3 39 93 84 38 44 97 64 65 50 80 75 92 31 84 32 92 50 77 74 37 67 2 9 76 35 78 6 72 26 28 6 21 60 27 46 14 34 2 49 92 89 16 62 63 48 83 1 64 55 6 87 51 86 99 20 93 2 65 93 54 94 59 10 61 82 5 21 4 77 28 68 30 75 77 11 34 13 72 26 49 43 39 29 67 50 84 29 6 56 74 46 64 49 49 
25 22 28 15 61 32 25 11 44 23 63 20 11 33 24 49 10 96 64 23 44 85 96 6 71 26 24 5 90 58 19 97 52 68 65 1 97 35 62 83 30 12 25 88 85 72 79 12 45 16 45 96 79 78 58 89 78 22 54 14 57 32 68 69 46 56 19 26 33 59 8 51 65 32 49 47 38 4 8 97 52 77 65 12 95 33 2 89 4 93 74 4 18 63 60 71 20 69 25 71 
14 63 79 24 18 80 3 11 46 60 73 10 39 48 54 48 56 46 63 34 90 99 28 4 18 74 23 8 46 55 67 40 24 48 55 82 41 79 7 85 56 52 1 25 37 88 19 32 33 94 4 51 7 96 76 27 44 30 50 24 51 23 81 53 22 64 20 37 49 81 61 57 25 0 51 56 71 85 20 79 38 96 23 77 9 1 59 2 25 73 67 98 19 7 83 53 41 38 86 45 
79 34 81 71 84 5 85 49 20 91 65 91 92 84 83 80 48 25 35 20 25 61 67 16 27 6 37 70 56 38 66 89 90 15 0 87 38 78 26 89 57 83 10 90 23 2 12 0 97 40 9 84 55 94 7 28 75 45 27 82 80 81 2 30 3 59 96 56 98 8 30 63 42 0 95 85 30 39 70 13 20 47 6 85 28 82 9 91 86 78 81 58 1 62 8 28 25 98 71 79 
85 30 21 65 94 47 8 0 58 26 85 98 68 77 28 36 3 83 63 97 9 20 79 86 82 85 90 47 89 25 99 44 22 56 87 53 89 82 18 87 86 8 49 36 90 19 97 37 40 33 55 10 47 15 49 73 92 67 26 55 19 63 10 27 14 74 80 24 96 32 11 9 7 8 18 15 85 91 79 4 81 42 39 93 97 68 36 81 74 3 54 87 30 92 46 56 65 57 20 46 
39 82 56 24 49 26 16 23 46 7 28 40 0 36 2 16 79 78 30 56 45 33 80 52 90 25 1 10 26 16 28 23 97 78 38 70 83 6 0 84 24 10 11 7 49 50 59 49 36 73 41 31 64 74 11 27 65 1 50 58 50 8 50 26 79 63 87 72 21 41 56 25 60 69 7 79 57 33 28 69 0 10 59 26 96 88 83 21 72 52 81 56 68 71 39 1 45 41 53 14 
84 98 37 48 86 15 18 21 56 40 92 20 33 72 58 81 80 18 0 21 22 75 1 8 17 19 76 58 82 40 67 91 28 89 32 83 21 72 23 84 85 11 99 13 80 3 92 55 29 13 62 46 49 92 0 10 8 44 75 46 2 25 8 93 56 7 23 35 46 65 86 70 60 27 29 38 84 80 99 61 99 39 37 15 9 90 13 6 58 84 82 53 38 80 38 90 41 87 60 80 
64 4 83 38 3 46 94 77 71 2 98 99 13 3 93 89 19 78 28 99 27 53 43 66 18 87 0 75 31 77 61 61 36 72 42 63 7 42 6 23 65 33 25 53 44 94 94 64 51 2 45 6 46 47 36 79 89 92 90 60 49 2 40 24 45 70 39 6 79 95 10 68 75 66 32 63 99 6 72 72 0 61 17 35 23 68 4 50 24 66 48 44 55 65 76 19 68 0 35 87 
61 0 12 43 36 83 83 21 27 85 24 13 22 19 6 10 40 2 55 48 22 10 66 45 54 50 85 67 68 21 68 37 1 97 57 82 78 3 62 2 19 51 44 58 27 37 65 78 82 8 65 5 36 51 84 69 58 81 43 56 70 25 63 50 96 34 86 19 78 99 1 75 40 2 61 16 48 34 91 73 80 95 74 93 77 13 90 5 50 99 62 45 22 29 57 32 74 8 69 27 
47 9 12 88 61 16 36 31 80 58 62 77 68 10 86 19 50 80 56 65 55 51 18 0 91 12 72 44 10 58 48 18 14 64 91 81 27 49 59 51 5 86 8 63 90 85 41 60 79 65 70 49 72 66 19 83 42 14 46 70 49 68 57 0 70 24 51 10 58 99 92 92 63 57 7 55 95 24 43 65 15 43 1 36 42 83 73 31 58 4 29 10 46 3 70 24 25 46 82 86 
13 80 22 41 51 35 85 32 11 16 92 15 67 14 31 68 77 86 20 16 84 13 23 19 30 2 86 76 15 45 97 38 61 48 41 24 57 81 84 60 65 88 60 33 30 79 98 99 0 35 32 78 51 97 78 71 68 85 40 42 1 65 21 18 9 1 68 63 28 86 98 53 33 16 11 74 29 25 48 6 3 7 50 64 84 45 96 60 37 48 66 15 35 79 92 62 38 21 25 59 
97 66 66 52 93 53 82 97 75 76 15 53 91 17 72 19 99 4 88 67 21 36 31 22 56 22 68 94 40 99 67 7 27 66 76 45 99 30 67 31 73 45 77 55 40 97 71 32 67 82 86 92 7 32 31 29 65 54 20 22 42 36 42 81 99 93 0 76 11 24 0 44 51 7 0 18 65 88 80 52 49 83 2 22 64 37 30 34 49 68 35 41 48 79 38 83 57 47 26 8 
30 85 75 4 24 2 95 60 59 41 34 74 0 8 32 31 27 26 24 43 57 47 51 36 71 52 35 90 32 60 90 27 67 83 22 83 69 95 90 26 18 56 64 89 97 84 20 77 77 87 9 30 24 71 87 7 95 27 17 14 44 21 76 99 3 93 36 56 85 81 92 44 49 6 4 28 39 64 58 41 65 52 78 35 47 48 75 78 79 85 65 3 42 85 20 49 62 36 76 68 
29 12 63 29 96 46 81 56 87 66 54 23 88 34 89 76 42 15 67 88 56 17 57 9 62 97 70 85 75 79 68 67 80 8 10 83 80 8 95 13 88 68 69 7 77 52 35 0 20 3 27 3 33 63 74 87 99 67 27 70 79 34 3 5 11 46 57 28 97 0 5 3 83 42 5 32 41 42 9 94 14 37 71 33 23 36 29 26 70 65 69 53 85 90 5 38 49 33 41 5 
78 47 73 70 36 91 87 91 64 49 97 79 47 72 27 15 50 99 28 90 18 23 93 3 82 13 62 54 15 70 52 42 68 12 58 57 66 75 52 64 1 28 57 83 0 88 11 37 41 56 17 7 76 99 80 74 94 18 30 80 17 19 91 19 46 8 20 82 18 18 86 79 81 15 7 2 44 29 48 38 33 24 34 81 68 83 56 75 88 26 29 49 22 6 14 3 5 90 16 31 
63 41 27 24 43 23 69 31 76 68 16 80 69 30 57 11 41 91 99 33 4 75 11 93 55 83 54 16 41 26 36 56 58 54 90 3 64 43 30 75 15 36 8 9 65 82 57 75 32 33 68 30 27 76 97 16 63 28 61 64 57 92 1 19 54 36 42 71 63 75 37 7 39 29 33 26 15 97 38 79 4 15 3 0 45 21 1 57 87 51 69 40 65 81 67 79 92 20 33 41 
33 36 76 97 45 36 14 51 49 38 3 72 10 36 27 64 85 47 40 62 54 56 24 92 86 28 87 35 36 40 30 77 6 16 30 93 63 8 22 56 39 45 58 1 57 61 82 62 88 1 31 73 85 73 28 83 44 77 79 88 41 19 77 95 57 86 79 9 5 21 15 0 66 70 38 88 50 45 55 54 94 43 52 7 24 96 56 3 74 21 97 42 88 14 70 67 35 27 71 27 
10 20 64 64 18 10 75 55 44 72 50 87 90 10 53 84 6 81 39 22 81 63 23 37 44 4 57 48 59 33 18 36 11 36 52 80 22 8 38 60 88 90 87 62 68 49 9 59 23 6 87 33 17 83 7 84 38 69 62 15 26 75 65 61 92 1 85 0 78 17 89 97 22 72 66 64 93 56 99 58 25 85 27 16 33 6 96 97 53 13 29 64 71 2 54 59 0 39 78 96 
32 67 29 66 41 21 39 67 41 36 69 7 49 89 67 66 61 71 37 58 66 69 18 11 75 72 98 29 35 3 99 60 30 69 86 69 66 34 7 27 55 4 58 7 62 19 67 73 70 90 12 56 9 64 70 92 18 95 69 37 90 40 96 35 96 8 25 8 8 37 48 94 60 88 74 58 50 69 31 71 72 59 64 11 69 91 71 62 27 87 76 85 49 95 1 22 31 86 4 29 
68 85 63 98 83 60 25 31 25 30 15 53 50 83 37 82 62 64 30 99 66 6 25 79 51 35 94 37 2 78 85 6 73 23 33 24 93 41 51 68 56 51 59 63 97 9 43 3 25 97 68 61 76 30 22 96 29 60 72 52 58 72 94 19 4 29 16 44 33 90 88 11 71 46 16 33 76 34 54 0 54 98 19 65 37 43 69 79 2 62 77 91 83 5 89 54 68 42 26 18 
88 48 8 9 17 90 20 78 64 29 14 46 32 33 5 78 36 71 72 14 51 66 70 97 4 52 92 98 99 94 90 22 82 2 79 10 71 51 24 4 73 78 96 45 4 68 93 90 34 24 98 15 12 19 96 67 90 37 29 6 14 45 15 19 46 12 37 38 64 26 29 33 22 9 70 73 2 26 98 39 67 21 83 7 12 33 77 85 80 60 19 7 59 52 95 31 53 22 83 45 
85 74 17 42 75 31 41 5 49 96 22 22 78 27 58 14 99 13 23 87 91 2 18 61 74 99 1 92 14 85 15 26 45 47 86 63 1 27 82 59 29 25 44 19 47 49 57 64 19 94 88 97 11 54 10 4 14 96 25 59 18 64 66 78 49 62 51 75 8 61 59 85 11 53 96 62 35 7 79 53 33 72 46 59 71 49 15 35 32 85 3 43 92 3 1 65 57 94 7 84 
47 74 74 36 27 21 58 7 6 33 52 16 68 36 16 64 7 70 85 64 36 65 23 10 37 55 14 91 88 79 68 44 43 85 61 35 96 91 22 25 63 36 8 58 66 5 33 33 96 73 0 97 57 69 21 38 29 19 3 28 50 54 93 32 60 58 54 80 27 94 36 10 87 39 40 51 67 59 19 66 26 62 12 79 83 19 49 68 51 71 95 83 9 41 26 76 37 70 15 65 
55 15 56 8 97 75 74 7 0 38 41 19 20 86 33 25 63 2 75 20 92 68 82 69 54 99 59 91 18 72 78 24 5 40 26 19 54 19 71 38 81 47 15 99 47 36 80 89 33 31 47 38 15 41 23 34 0 77 0 79 24 32 70 59 61 12 3 61 90 59 23 59 21 49 5 36 10 52 27 57 52 16 65 18 61 2 44 62 85 53 5 62 51 59 87 10 94 3 93 9 
16 99 55 60 84 37 95 76 26 47 55 23 41 92 10 7 5 7 68 41 69 34 46 13 98 39 89 87 68 50 85 18 12 48 21 27 96 30 14 56 51 16 41 77 76 59 12 74 36 25 51 62 73 20 47 28 74 43 4 37 4 80 52 1 36 97 11 21 70 12 40 96 44 32 59 84 20 78 49 43 45 67 13 55 5 76 8 55 62 44 88 39 14 17 44 58 17 14 11 1 
13 91 2 35 42 77 19 47 97 0 15 86 1 90 10 78 0 25 18 25 51 0 69 14 33 82 99 73 26 12 11 5 19 8 44 3 56 45 28 68 56 77 56 99 44 28 27 36 14 20 43 96 4 10 67 50 86 18 0 49 41 81 26 95 40 26 27 46 2 11 57 53 69 86 63 97 21 64 82 64 65 71 69 38 95 54 7 6 25 37 14 12 14 24 44 80 21 9 89 29 
74 92 80 47 63 66 75 13 89 87 24 36 55 92 26 12 65 89 7 76 57 72 59 72 70 22 44 68 30 78 56 8 34 51 0 62 91 85 86 35 11 35 73 26 48 83 32 66 68 50 56 58 78 58 98 26 76 33 12 35 90 84 66 55 90 60 85 14 64 35 67 3 24 87 42 83 65 42 81 63 32 49 7 21 45 83 79 26 42 60 63 29 18 71 77 61 87 7 7 22 
47 77 6 45 71 3 45 55 81 63 55 93 88 79 10 33 70 71 30 7 45 52 41 69 85 16 92 75 81 21 98 44 99 26 75 41 5 56 96 94 2 33 17 26 77 7 15 38 56 71 63 27 75 36 94 40 56 86 63 61 31 77 90 2 69 31 58 90 18 57 6 56 81 69 75 55 15 81 73 44 64 58 6 28 96 16 67 34 50 9 25 71 5 96 51 61 97 63 91 45 
41 70 54 32 36 14 56 92 56 62 31 98 77 73 3 7 76 72 2 11 80 45 64 45 49 9 78 17 10 94 58 78 14 31 82 20 43 40 38 68 31 85 3 17 72 47 10 80 26 69 44 67 14 79 79 7 40 24 1 73 97 20 60 17 86 57 33 14 62 48 76 37 42 66 68 89 81 76 3 14 62 10 33 1 43 94 86 68 41 29 81 67 1 34 43 73 45 12 15 50 
15 64 78 69 34 98 6 2 59 48 71 35 77 79 78 18 52 31 50 61 46 57 15 41 59 55 8 80 19 30 68 34 49 14 1 21 22 51 93 48 86 16 20 49 3 5 17 23 80 93 17 70 27 51 93 36 26 99 32 20 10 33 64 5 98 82 47 5 35 12 73 58 36 91 4 53 47 95 24 57 92 12 16 99 97 35 45 36 23 43 45 34 61 16 75 42 54 79 37 53 
36 70 22 29 66 13 93 27 54 65 33 35 75 16 59 72 76 6 93 24 54 90 25 78 90 84 37 90 71 81 75 48 66 35 12 66 99 87 73 7 79 80 86 4 10 26 7 32 55 79 63 86 50 40 98 99 53 23 22 69 86 88 78 60 4 22 51 70 40 40 10 12 83 79 14 15 33 25 66 44 3 6 42 80 31 22 74 27 52 31 62 63 66 33 12 79 7 59 11 20 
60 32 58 52 69 82 53 57 3 57 65 92 27 91 53 99 47 23 12 80 20 16 94 95 32 7 63 50 35 23 97 59 81 15 80 21 78 54 2 90 4 95 77 12 44 47 50 71 95 27 16 95 76 28 48 95 99 62 93 1 23 29 79 34 83 70 92 32 62 1 95 6 45 74 57 92 42 98 20 32 6 14 77 96 37 2 89 21 1 15 52 15 48 9 59 98 7 9 90 85 
76 14 63 37 58 54 44 44 84 10 79 81 94 89 33 59 98 11 18 42 66 73 67 30 93 36 39 71 81 66 54 35 52 86 70 50 66 28 92 63 74 33 15 60 35 56 39 15 93 44 62 26 79 76 17 0 83 29 85 9 24 75 12 88 96 31 76 82 14 79 72 30 89 90 8 43 94 41 63 82 98 98 16 44 16 88 32 34 81 20 31 7 49 63 76 70 85 0 14 41 
42 87 68 49 17 85 75 75 95 38 26 94 62 53 10 74 76 38 19 96 28 18 7 63 87 50 70 94 74 29 6 71 9 60 80 76 13 67 62 72 81 98 58 40 77 27 3 58 48 14 38 65 36 42 12 75 99 21 38 92 89 27 81 84 67 35 60 50 46 27 18 85 24 69 44 32 70 22 18 13 47 98 65 79 24 24 74 48 1 55 36 52 98 49 63 95 25 43 40 1 
55 38 87 4 86 60 16 29 82 81 17 23 10 4 20 24 85 77 89 86 96 57 5 77 10 96 45 93 19 9 0 11 89 46 82 83 84 74 23 17 24 29 55 76 65 71 11 9 90 52 85 32 84 93 99 28 5 46 81 66 68 19 72 13 68 81 45 19 61 75 59 94 81 33 88 27 99 99 26 94 44 49 86 68 19 61 92 50 74 57 93 74 57 92 0 63 55 47 86 76 
15 60 38 17 81 69 4 41 20 53 2 95 66 80 20 40 10 85 66 4 14 29 35 45 21 69 12 32 18 26 12 53 38 12 54 62 55 97 23 46 29 88 57 43 9 34 43 1 28 15 95 13 28 8 29 11 25 20 21 18 3 16 98 88 43 51 17 88 47 86 98 42 18 25 60 96 40 46 79 39 98 65 93 80 29 52 26 7 89 48 17 99 91 88 50 55 2 86 85 45 
70 47 47 33 34 10 28 24 28 92 84 14 71 79 62 96 0 64 10 6 20 77 42 8 9 27 7 63 10 56 36 99 48 41 55 27 50 85 27 88 53 65 79 85 21 91 17 70 2 57 65 80 55 0 54 33 55 28 5 24 52 61 57 71 76 66 71 63 62 54 39 68 98 32 82 86 44 99 58 2 67 90 6 77 17 32 59 46 1 99 80 90 7 98 88 69 59 76 77 58 
89 79 95 31 24 74 14 15 65 30 97 8 70 67 15 8 54 53 11 6 60 93 68 13 40 22 53 85 73 59 87 92 75 90 6 95 98 45 28 13 60 5 30 24 60 68 71 27 76 36 84 94 20 4 37 80 43 85 52 34 68 21 79 85 89 6 70 34 61 51 71 83 68 71 69 41 88 54 23 52 9 15 61 75 8 11 19 52 31 67 73 81 7 76 35 25 23 76 98 5 
60 7 94 39 82 40 42 68 87 96 13 8 41 57 46 66 92 31 14 89 76 9 52 15 52 20 97 71 60 79 14 88 52 2 79 27 86 16 25 1 92 11 86 87 85 15 23 10 50 30 86 59 75 46 5 6 12 55 43 52 5 19 94 83 65 43 73 97 54 0 42 24 12 90 18 21 41 79 24 62 95 51 31 93 16 11 0 46 34 99 48 32 89 28 30 5 2 42 87 67 
21 19 69 73 34 41 50 41 36 28 65 1 54 46 46 33 74 26 50 17 71 47 20 79 33 71 62 95 8 28 3 29 41 29 95 35 48 80 24 52 18 39 46 24 89 84 25 17 86 81 21 49 54 4 67 33 17 35 46 77 66 72 28 41 95 83 58 20 51 4 45 58 97 14 11 51 4 40 94 58 43 56 26 95 84 89 25 97 8 41 86 27 37 22 42 65 54 92 47 22 
53 84 86 3 34 88 24 86 80 2 47 36 62 61 94 27 36 62 2 53 34 32 2 45 84 74 17 3 78 96 99 58 98 4 18 99 20 50 30 85 69 39 74 67 51 34 36 69 31 31 66 11 76 16 31 47 48 33 30 53 89 32 65 27 41 97 76 93 33 58 55 59 98 94 34 6 5 75 11 33 57 49 21 24 78 29 91 4 76 50 19 24 61 63 12 87 43 33 98 7 
9 95 76 5 0 23 14 10 13 10 29 82 13 79 3 44 3 68 48 5 57 54 57 87 94 45 26 8 40 35 83 91 41 37 18 8 18 63 72 39 54 97 49 70 72 61 45 94 8 60 52 94 51 83 16 56 45 67 38 87 75 64 99 74 81 25 19 69 65 56 59 21 97 51 42 63 45 16 45 67 5 21 69 35 93 91 65 45 29 76 64 4 28 30 77 48 36 26 73 79 
32 97 31 24 1 53 34 22 89 75 37 28 96 36 45 43 60 42 6 39 52 48 99 59 60 52 83 12 7 68 15 81 48 19 4 84 51 74 60 22 27 14 83 7 44 80 10 88 3 74 9 58 75 87 57 40 67 31 80 0 13 75 0 2 17 68 62 4 22 82 44 29 64 86 49 72 31 25 43 92 79 41 72 94 20 58 1 86 88 74 33 82 3 32 98 27 50 39 57 29 
11 9 86 89 8 90 61 65 2 67 72 32 51 75 29 39 95 56 40 23 36 69 32 99 80 87 28 24 0 65 37 3 42 44 38 7 74 70 49 60 88 3 72 36 60 50 79 56 4 2 0 65 62 16 74 27 41 46 58 49 90 96 82 42 94 6 69 7 86 15 72 35 78 88 69 20 18 88 17 14 2 79 58 76 95 60 19 13 34 79 36 9 89 58 41 30 4 12 61 97 
42 56 22 72 87 39 6 83 44 52 41 81 73 99 2 10 35 88 24 7 38 85 30 34 68 55 24 22 99 0 79 5 11 73 22 88 20 99 71 82 67 87 46 65 90 34 9 74 57 0 47 95 18 21 20 70 44 1 76 75 64 76 71 14 8 55 66 38 4 76 37 57 86 80 60 6 17 53 97 91 9 77 9 66 97 41 2 86 37 26 42 85 42 72 34 93 51 0 73 48 
60 38 58 72 78 31 7 19 41 51 39 6 49 74 3 12 24 95 56 38 42 34 29 16 66 47 46 98 64 59 67 8 96 14 39 71 58 84 47 85 39 84 56 87 6 59 80 97 70 27 79 29 95 7 80 0 91 20 37 69 84 17 1 51 11 95 64 58 15 96 72 56 82 73 15 82 51 45 59 52 64 40 77 57 42 75 37 8 35 46 14 34 83 80 93 45 66 33 70 16 
48 66 71 56 27 97 35 30 61 23 62 79 94 34 79 68 64 46 3 14 31 30 4 40 12 59 96 58 40 41 39 22 26 75 66 73 25 64 50 57 23 61 72 48 67 69 26 27 88 66 17 28 77 82 49 24 24 46 26 97 6 30 5 68 29 9 78 38 85 11 75 5 95 8 5 36 51 38 8 90 76 1 17 63 93 34 40 39 50 78 68 72 27 0 82 66 8 74 28 81 
3 0 41 39 77 54 76 87 39 88 31 61 4 26 74 66 54 80 81 22 59 2 68 29 56 52 68 51 56 82 34 4 2 62 30 75 10 6 3 80 47 99 86 67 49 90 20 27 61 46 60 72 30 10 76 17 37 77 10 9 40 55 50 44 26 46 37 84 10 41 29 37 46 11 40 53 35 60 59 32 74 15 49 0 48 7 70 88 5 63 35 78 1 31 22 41 81 38 74 56 
28 89 71 40 33 61 83 88 85 8 23 42 4 0 68 5 36 8 96 65 85 95 21 51 86 58 4 38 24 45 1 1 97 85 71 82 96 45 14 21 71 54 76 17 59 75 17 40 64 73 64 74 60 80 63 72 52 94 6 17 10 76 63 48 53 13 6 23 78 17 53 91 35 99 19 57 36 78 48 13 33 7 20 73 3 90 1 9 95 9 14 28 77 61 50 13 2 2 52 26 
15 35 32 25 58 50 46 62 55 5 93 48 29 61 71 31 77 61 27 77 50 86 3 56 93 62 35 99 67 87 86 25 0 78 67 66 67 95 86 71 59 15 69 92 4 27 25 48 71 54 13 17 62 18 21 93 47 71 10 28 70 89 14 54 49 55 22 79 56 99 36 25 17 28 6 43 53 13 22 28 28 92 51 53 82 76 44 62 19 2 80 74 12 34 41 54 69 68 77 16 
65 41 86 36 57 24 49 87 81 4 2 78 53 60 9 61 35 76 48 61 80 69 99 2 96 28 76 1 25 19 97 81 39 41 66 16 58 16 63 61 28 27 69 76 6 68 44 41 20 78 77 20 91 80 37 24 70 59 54 39 5 32 24 66 98 68 30 17 60 7 58 25 13 23 59 36 34 95 22 9 78 91 3 44 71 69 80 76 56 53 78 51 87 98 19 78 1 97 72 26 
64 97 60 22 92 79 44 75 14 38 96 68 20 62 34 37 97 34 62 45 48 20 18 91 74 97 59 50 49 20 79 65 90 79 12 86 99 55 24 44 77 31 35 75 3 56 75 7 68 67 2 41 14 43 41 9 28 41 66 99 17 38 75 96 81 44 5 31 71 27 68 37 44 97 17 42 87 11 64 65 9 86 96 22 31 23 15 34 98 3 18 26 54 30 43 80 10 40 81 62 
22 84 6 12 62 24 12 97 75 13 38 92 0 73 59 37 15 99 4 25 59 18 69 90 47 52 41 16 0 79 27 71 4 53 40 30 68 60 99 23 44 26 66 9 80 3 57 86 57 91 39 80 44 46 25 66 29 40 52 10 4 38 83 34 81 46 64 91 90 14 5 58 9 88 82 66 45 49 69 88 85 99 87 1 8 79 5 49 36 43 60 64 29 80 1 46 52 16 76 99 
11 58 12 56 95 21 56 55 49 42 23 85 77 32 73 58 32 2 80 24 79 84 50 55 8 6 53 61 25 94 38 58 39 90 47 26 33 57 83 38 1 42 95 3 6 45 62 57 51 95 36 91 75 0 0 63 61 39 55 45 17 92 12 43 76 72 18 64 96 34 30 77 36 37 14 19 95 3 78 43 62 64 8 6 51 5 95 68 3 95 75 55 20 31 89 67 43 91 53 18 
96 42 95 5 80 12 18 69 70 16 17 27 17 47 76 76 40 94 47 90 3 58 98 35 29 77 97 11 55 32 24 23 20 80 73 26 45 10 68 5 99 75 36 27 23 75 76 99 49 68 69 48 56 37 54 12 49 9 59 92 50 38 23 68 61 57 92 12 76 71 68 30 23 13 25 97 80 72 52 21 91 45 71 67 15 67 24 36 91 48 33 65 88 85 22 61 54 60 48 7 
33 96 43 5 58 8 42 90 82 95 5 43 90 52 31 76 19 80 5 9 76 64 74 89 90 37 41 62 8 89 33 90 71 48 95 75 27 15 73 34 38 55 45 53 5 93 23 4 37 37 43 52 64 0 70 55 32 95 52 19 38 56 71 75 35 51 78 69 59 38 8 25 91 33 33 26 8 85 25 54 25 93 32 73 86 49 10 96 45 46 40 0 1 50 22 16 60 90 26 10 
25 21 33 26 67 31 81 88 41 90 7 93 62 28 14 35 18 77 44 44 58 10 39 24 60 38 42 34 39 44 61 33 38 25 66 74 86 84 14 53 21 83 79 64 88 23 19 84 9 98 25 71 14 68 35 32 20 65 51 52 55 89 46 61 49 82 26 42 93 85 74 22 75 77 44 8 33 81 50 22 47 72 37 48 22 27 58 84 93 21 74 36 49 62 32 7 83 74 97 68 
88 55 51 79 64 6 6 73 46 2 67 2 63 34 29 53 77 59 26 60 30 77 29 80 53 94 17 67 8 27 59 96 94 15 51 68 99 41 69 75 6 50 42 0 58 64 83 64 0 61 1 59 92 74 2 53 22 9 80 93 63 76 60 12 96 77 32 44 90 3 33 65 47 82 62 40 79 22 81 30 35 92 97 35 78 42 43 27 1 63 53 21 97 6 16 62 65 11 61 88 
57 87 66 0 25 81 33 37 75 13 33 39 81 40 9 26 29 79 38 74 93 37 80 74 97 72 39 4 98 55 94 1 98 1 36 73 57 28 75 24 74 84 89 10 98 90 81 25 92 36 33 5 59 10 53 61 28 82 5 24 14 4 30 32 10 33 7 10 47 30 86 22 39 63 56 5 4 49 72 44 92 70 14 2 50 19 84 46 57 16 94 50 94 51 55 56 72 48 11 11 
94 23 19 1 79 54 45 50 68 57 92 47 89 19 60 79 75 31 98 45 97 71 14 48 38 15 4 96 65 21 45 46 82 71 74 89 41 74 66 10 25 14 32 53 54 99 83 57 65 74 1 94 95 50 74 49 5 76 57 31 48 40 3 17 57 99 99 64 78 18 94 21 93 49 0 35 64 68 27 92 77 36 50 80 80 5 48 56 12 42 79 26 51 70 14 34 20 62 27 92 
53 27 1 86 84 85 49 49 70 32 71 44 59 70 18 81 16 97 42 42 66 54 84 97 10 90 71 39 98 72 68 59 3 48 27 79 35 7 85 7 97 6 25 8 14 55 59 91 74 65 94 15 64 7 33 52 74 52 68 12 5 10 20 35 35 13 76 46 38 25 29 73 12 19 65 49 3 31 43 59 71 29 10 54 29 30 6 11 27 93 95 75 49 43 25 12 2 94 52 32 
44 49 81 99 20 41 97 71 45 99 20 84 58 18 24 77 38 9 64 21 96 56 11 11 27 39 13 68 60 44 91 21 93 83 30 52 68 26 94 78 17 58 96 24 64 39 74 66 63 62 13 43 82 97 35 43 95 27 91 69 76 58 30 1 19 53 6 25 13 2 64 46 18 64 18 17 93 44 27 10 63 1 46 30 92 53 93 0 64 94 50 65 87 81 99 28 8 53 27 94 
47 8 76 18 73 6 85 93 83 98 83 69 54 28 72 83 43 99 4 10 35 56 64 26 72 95 67 61 72 71 23 55 5 28 0 44 30 62 47 30 21 7 74 35 45 49 14 25 90 95 20 41 71 94 24 9 88 66 99 29 52 53 44 59 0 94 5 6 92 11 99 64 97 62 32 8 4 56 7 35 62 9 93 92 53 15 34 25 58 6 25 32 71 9 85 8 79 79 28 93 
24 54 89 81 8 92 53 87 51 7 41 72 31 22 43 73 25 51 46 4 87 97 43 6 83 11 57 56 67 70 67 29 45 25 77 87 25 7 33 9 32 20 19 53 8 25 50 90 50 66 32 96 83 9 79 23 29 57 90 48 63 31 24 41 32 19 75 76 29 62 68 82 86 74 93 14 10 23 30 56 84 53 8 38 61 50 31 90 75 9 91 12 4 2 94 58 52 89 75 94 
39 21 18 82 7 46 31 11 96 95 0 86 40 63 78 50 77 42 22 88 77 54 20 96 6 40 77 49 98 85 54 73 48 97 43 25 79 71 81 51 35 1 38 98 90 76 22 12 65 19 80 29 50 77 85 35 84 77 32 16 85 53 66 99 92 45 68 90 47 13 11 64 30 45 89 47 93 69 41 16 58 56 29 1 31 20 10 50 3 19 25 64 86 33 20 47 10 66 15 99 
43 64 1 96 98 44 66 24 2 45 13 13 7 14 24 56 16 62 99 17 62 24 15 36 65 24 5 4 18 2 42 74 22 45 47 16 27 57 11 90 92 69 72 4 26 56 23 17 56 64 8 64 2 91 62 14 9 22 91 19 73 47 71 8 1 39 97 44 44 24 34 9 28 99 92 77 11 30 82 82 27 28 42 71 74 97 58 76 63 19 32 56 7 1 24 28 52 55 43 55 
53 94 77 80 70 93 39 8 95 92 51 45 31 41 83 38 67 64 27 11 62 32 62 99 87 74 51 36 1 63 66 43 32 62 14 77 61 99 19 25 86 11 19 7 25 55 68 52 12 94 26 39 67 75 35 19 26 60 74 30 3 65 88 22 62 0 16 70 10 59 94 75 31 34 70 71 24 87 82 54 78 99 9 52 25 91 50 42 44 94 76 51 68 89 19 57 38 28 23 4 
8 83 71 59 54 86 20 79 65 44 55 4 13 2 33 45 13 81 22 78 32 57 41 7 97 89 49 36 21 7 70 91 12 34 73 98 17 1 22 37 47 94 5 50 0 71 51 15 95 11 49 24 90 40 17 74 81 51 20 99 54 13 63 47 29 9 74 65 58 29 54 95 88 38 95 55 0 18 13 98 58 40 14 64 59 47 20 36 1 19 50 37 15 28 69 59 60 99 61 55 
85 30 66 99 0 67 36 41 12 4 41 30 83 89 77 1 19 26 30 40 32 99 45 31 24 18 56 17 96 20 38 15 19 38 4 69 16 37 26 78 45 28 81 87 5 5 50 93 93 38 59 75 35 29 92 14 11 58 24 43 54 20 25 76 51 71 46 27 64 29 8 95 78 6 19 77 85 0 29 14 78 18 51 65 65 4 59 35 41 0 38 2 6 72 90 59 14 88 3 67 
23 53 42 68 36 99 2 47 74 46 54 29 73 51 18 38 67 49 98 37 92 77 28 58 79 47 86 4 48 62 18 15 70 16 36 97 79 5 77 82 81 76 53 54 59 63 4 22 9 51 41 75 48 64 27 78 30 42 75 3 0 76 69 69 32 51 50 33 46 79 90 2 38 17 99 56 52 28 82 16 50 54 36 96 97 50 28 4 34 79 42 67 59 22 95 66 66 20 88 81 
46 10 88 27 68 94 14 93 43 62 26 26 38 70 83 29 70 97 93 6 28 16 52 98 84 77 36 41 16 46 74 33 62 72 79 53 83 89 72 39 64 92 10 22 19 4 62 62 39 19 15 97 35 1 15 78 48 87 0 4 85 13 12 65 23 12 75 7 56 16 59 91 57 94 72 13 51 51 33 63 17 4 55 25 8 40 96 80 91 19 23 29 97 34 90 77 92 59 16 22 
15 15 12 61 99 16 50 46 26 8 45 24 24 50 36 5 50 75 72 96 32 42 9 33 5 16 9 17 10 19 46 35 11 20 52 53 13 90 14 3 89 61 88 88 83 71 49 27 63 38 70 38 27 46 94 32 17 96 55 24 56 43 1 47 53 97 46 87 93 89 66 34 7 60 39 20 99 22 52 77 96 87 97 1 9 58 15 14 28 36 62 87 19 24 90 37 77 69 9 70 
39 1 73 96 45 17 91 37 43 72 64 52 99 48 47 38 50 86 70 98 63 62 12 50 27 72 83 16 38 25 75 31 96 88 3 13 83 70 82 72 0 32 73 48 40 69 27 53 29 51 92 82 2 62 71 9 15 2 81 63 16 76 59 50 47 24 88 81 64 53 38 52 25 94 99 29 78 96 25 70 35 84 82 92 12 82 17 47 60 14 25 31 20 66 57 27 82 32 92 28 
21 98 62 20 79 59 94 98 98 3 13 65 60 93 2 61 21 32 16 2 45 13 45 40 10 0 17 49 98 9 47 89 41 91 41 35 70 41 42 97 8 57 11 1 39 67 50 93 82 83 47 60 95 86 43 14 73 76 99 90 70 97 13 69 5 18 13 82 5 99 59 64 71 23 23 64 80 69 52 59 71 68 34 66 5 97 86 80 86 89 47 76 39 19 86 8 85 94 29 97 
5 2 61 80 11 55 33 20 68 11 6 1 51 82 56 80 52 23 37 68 84 24 21 20 28 72 94 50 8 60 25 0 93 64 96 93 41 43 9 94 59 82 3 97 47 77 39 86 44 82 62 80 92 35 29 54 63 70 29 7 90 19 49 34 38 80 44 54 65 99 67 62 16 13 35 28 38 74 90 83 4 41 56 49 58 65 64 98 12 32 84 62 44 99 1 29 79 86 18 53 
10 98 40 51 44 16 62 14 65 47 65 28 25 41 47 51 89 86 64 55 48 26 81 68 2 96 61 95 65 31 28 12 61 44 74 79 54 15 72 43 20 6 5 61 74 40 63 93 81 67 50 54 23 65 46 50 19 95 61 5 16 10 84 60 94 69 66 80 67 43 21 2 90 19 28 78 60 1 64 57 55 71 95 40 24 4 97 97 12 79 45 43 27 59 96 61 8 66 29 43 
74 11 65 88 83 13 7 59 98 5 74 89 59 86 85 42 16 11 24 8 52 57 10 84 34 99 6 15 27 90 57 8 44 80 24 66 36 12 94 4 81 39 53 42 24 33 90 47 2 67 13 46 0 35 30 90 82 21 53 25 64 57 28 38 85 49 50 65 37 4 58 0 68 3 89 72 11 91 93 58 27 95 50 78 44 79 66 7 55 65 44 0 59 44 33 47 76 30 63 60 
1 34 13 56 0 9 39 71 72 68 61 34 10 31 86 13 59 17 95 0 77 84 17 80 71 89 79 69 42 51 12 22 69 45 29 96 21 50 89 98 78 1 44 84 76 55 5 23 45 71 3 25 46 72 43 81 89 95 92 57 78 13 47 94 68 41 52 68 50 25 60 87 61 89 41 40 93 60 87 20 32 59 0 22 69 72 26 19 88 55 43 55 21 31 49 21 19 51 80 3 
80 46 73 4 78 88 96 86 0 18 16 51 29 93 41 14 24 1 66 78 69 27 88 19 14 65 35 55 34 70 60 91 10 42 42 54 73 22 41 26 46 39 4 34 79 79 93 82 67 89 31 81 23 62 63 64 78 84 47 12 80 18 19 34 17 12 89 76 17 72 88 47 86 53 31 23 11 19 14 27 92 79 21 53 31 41 56 92 37 71 35 16 82 11 3 93 44 36 92 84 
3 49 29 94 81 63 41 75 80 44 3 31 32 24 68 58 1 3 67 53 22 18 74 58 55 26 71 80 52 11 69 88 82 58 8 31 2 85 46 18 28 79 12 34 97 54 4 60 28 84 80 88 42 66 7 67 40 71 31 27 33 36 99 6 95 29 49 6 26 48 54 12 59 43 41 30 39 47 26 26 65 16 64 88 76 30 44 7 68 8 75 17 26 27 62 92 78 29 29 55 
36 55 42 60 67 48 38 93 46 55 28 30 23 56 97 35 80 38 28 14 92 3 43 23 40 12 70 66 82 11 2 33 25 59 48 95 97 38 35 92 49 12 72 10 71 27 12 91 48 62 95 92 59 43 91 37 94 96 67 90 91 25 41 50 25 86 82 93 27 86 12 75 20 28 84 79 68 41 58 78 50 55 21 49 2 80 23 35 45 94 29 27 75 86 67 0 75 78 78 62 
85 19 66 82 4 59 58 85 31 43 25 98 62 44 10 60 17 95 28 17 60 35 32 8 27 66 50 0 56 18 78 46 63 1 39 37 21 71 52 44 32 4 63 11 1 70 30 6 87 27 72 99 80 90 16 34 2 34 76 81 87 3 49 97 36 53 60 47 30 74 56 75 34 56 62 95 59 52 21 7 17 13 8 16 48 75 21 45 73 21 12 1 65 40 94 62 76 22 38 14 
0 28 93 3 61 28 32 12 67 86 16 47 74 47 37 61 89 22 55 16 43 51 41 66 89 49 47 66 8 57 31 84 38 31 50 89 91 7 32 84 30 12 81 49 47 91 73 42 63 36 87 25 2 44 97 38 4 27 43 1 52 92 81 61 25 29 49 26 57 45 2 45 95 87 49 75 15 97 18 59 5 36 19 86 62 81 95 63 26 49 14 59 47 65 42 71 52 81 77 17 
58 86 62 20 15 38 89 51 15 79 51 23 60 18 57 16 64 73 31 41 46 35 56 39 94 3 88 21 48 56 18 29 72 71 88 84 85 77 27 46 7 15 99 8 75 23 67 39 72 89 85 62 93 49 1 43 12 31 38 6 17 65 24 69 11 35 96 71 6 89 97 59 42 40 12 68 43 70 83 43 1 28 85 28 74 36 45 5 86 32 95 11 2 68 43 78 4 75 26 27 
86 41 58 0 97 23 81 12 95 91 3 88 0 50 75 37 2 83 48 2 15 54 13 4 24 69 59 36 43 46 94 25 76 9 5 8 3 23 82 36 36 27 61 73 0 43 15 31 28 23 6 42 64 6 59 73 74 81 53 91 71 36 68 85 64 49 32 94 85 28 11 88 14 33 20 95 26 60 13 11 81 98 12 72 17 55 81 25 85 31 3 95 60 25 64 51 15 94 98 7 
54 22 4 35 12 73 76 94 30 76 62 96 93 66 88 10 81 1 47 26 96 91 22 67 72 22 82 51 1 88 27 67 83 18 89 34 26 23 56 74 15 32 64 92 75 27 59 6 93 0 69 54 56 74 91 0 24 30 3 68 34 53 43 25 67 55 2 93 90 40 90 79 13 94 44 25 39 91 18 85 40 9 47 10 21 43 48 54 59 49 89 3 64 91 34 75 59 34 99 4 
13 55 69 52 78 60 75 4 78 16 83 39 71 75 26 50 18 34 75 29 75 4 86 80 54 81 56 75 67 50 16 51 78 81 54 78 87 54 39 65 20 38 44 96 25 74 32 13 15 68 42 57 96 50 88 71 2 80 29 90 26 95 74 66 7 5 67 9 11 58 42 56 36 99 20 55 63 47 42 61 25 68 59 73 71 35 73 40 16 22 5 88 93 21 7 36 96 95 33 33 
