12 59 51 16 45 3 21 79 32 79 50 46 46 83 83 90 5 67 3 98 57 80 79 10 50 32 11 4 41 72 89 53 2 96 49 41 36 34 33 2 31 10 93 74 26 46 34 32 23 8 46 18 91 40 75 68 18 8 62 71 48 25 17 94 25 72 57 29 91 61 16 44 17 59 93 82 78 75 93 4 94 1 20 91 12 69 55 53 45 30 80 34 12 45 15 61 6 72 74 74 
84 13 1 29 6 28 56 42 55 83 82 31 54 97 96 22 99 50 17 88 43 50 63 89 0 15 85 36 24 11 82 57 63 32 58 17 76 87 72 42 8 26 52 84 33 41 30 67 5 83 94 6 17 50 25 19 89 0 29 68 53 65 12 78 21 41 82 8 88 32 48 57 38 6 23 30 13 8 94 38 25 8 51 39 26 72 96 30 94 38 17 81 86 71 76 56 90 1 5 1 
1 17 3 85 13 37 79 8 66 30 76 62 28 50 82 87 24 87 55 40 76 19 47 63 45 27 2 1 5 58 55 1 60 64 7 40 44 10 36 27 61 72 44 92 54 3 85 26 16 28 62 26 30 38 53 42 42 64 2 35 15 31 29 48 72 84 79 59 84 29 10 67 86 24 50 97 54 82 87 27 36 90 92 52 97 72 1 81 41 31 68 75 72 20 17 18 27 86 87 97 
24 43 82 8 52 72 30 31 17 4 80 71 76 93 7 97 89 40 86 81 36 50 9 17 34 70 48 59 13 73 79 96 65 43 98 70 32 32 64 38 74 71 23 6 48 90 14 99 57 42 72 78 10 96 15 48 72 68 46 86 40 41 91 82 46 34 71 72 85 11 21 48 30 62 10 16 22 55 2 44 97 19 86 44 33 9 27 42 60 51 4 53 5 50 67 41 48 30 46 7 
64 45 79 75 96 98 28 89 29 98 77 41 11 62 58 23 38 90 66 89 79 93 8 82 34 21 39 3 26 61 65 35 44 66 35 89 25 14 1 16 19 19 60 18 72 35 47 94 12 70 70 34 52 20 16 66 7 1 19 56 77 99 6 20 58 3 2 44 44 22 17 91 36 81 55 87 99 82 78 38 31 37 93 77 75 0 14 32 96 3 4 10 69 90 43 98 61 75 75 80 
86 78 96 44 14 8 14 51 78 28 41 75 1 44 69 2 90 11 56 82 64 29 0 91 45 32 82 36 71 30 29 95 59 19 59 8 10 52 74 64 41 4 61 93 44 38 52 12 3 79 61 14 27 13 37 13 90 32 98 76 21 17 58 35 10 92 56 54 39 94 17 64 25 58 58 84 12 27 72 1 34 39 81 37 66 51 21 42 27 39 27 60 45 70 69 2 64 54 36 56 
6 9 9 12 10 11 88 44 46 48 15 11 44 72 63 23 81 29 10 99 57 84 41 37 91 92 53 82 16 39 19 56 42 33 32 88 47 34 72 68 78 64 44 7 65 69 25 84 95 1 10 87 52 39 75 86 38 44 48 16 35 33 18 68 33 99 84 91 29 72 60 25 27 35 39 37 4 66 50 68 25 10 43 4 23 25 99 29 87 84 45 63 32 92 47 38 55 98 44 43 
55 47 6 87 41 49 64 8 9 47 14 90 42 97 80 60 26 36 80 88 62 63 12 73 28 86 20 54 77 18 39 46 2 33 92 26 90 23 31 74 70 37 33 7 11 65 40 20 54 51 19 88 10 26 69 8 79 33 48 6 59 75 83 61 81 42 68 21 99 64 32 13 12 7 52 75 19 10 93 4 11 87 46 57 39 16 52 25 84 25 10 16 48 14 35 68 17 32 81 18 
23 45 11 86 10 74 45 54 43 89 22 84 36 10 94 63 10 33 78 96 51 0 48 82 85 74 35 62 6 41 47 99 0 0 92 45 70 65 25 8 19 89 95 52 82 95 91 38 11 77 13 45 62 76 73 34 33 20 11 65 83 84 77 53 30 23 20 58 44 84 64 68 6 90 60 51 36 62 2 53 53 5 38 20 34 12 57 73 49 15 99 47 92 54 85 68 2 6 13 12 
25 83 39 40 21 68 81 14 31 80 85 17 37 4 85 84 34 49 76 70 41 47 91 65 19 90 46 3 32 96 12 84 45 23 20 94 3 28 38 93 39 24 70 74 23 90 3 58 28 38 66 35 48 36 92 99 53 8 4 56 55 41 6 71 75 11 49 7 17 1 64 24 71 82 15 40 94 40 50 78 92 7 35 42 94 27 20 45 97 0 35 57 68 81 29 18 64 99 28 90 
18 47 65 99 80 23 10 63 54 57 40 72 11 96 51 40 96 27 12 86 89 75 11 75 54 85 35 96 31 48 27 93 19 55 70 93 93 22 81 30 36 41 32 16 77 26 86 13 30 41 52 28 41 16 77 50 90 84 59 24 37 0 49 34 87 40 24 39 43 71 50 99 96 53 1 73 53 92 72 13 27 95 9 25 42 52 99 22 43 34 16 77 53 74 94 34 19 83 81 53 
5 71 72 96 77 48 73 64 11 34 78 31 8 51 65 58 88 21 18 70 38 55 40 16 20 67 29 53 31 18 19 71 28 1 35 18 48 78 55 58 1 41 70 93 21 61 18 19 14 9 39 7 55 64 46 21 54 89 88 83 30 15 92 49 35 17 23 96 4 19 3 44 73 76 13 61 1 39 15 27 29 48 28 22 65 68 30 60 14 91 34 24 49 5 6 30 55 55 24 68 
62 80 21 1 87 16 72 68 76 63 19 84 48 76 55 97 32 72 72 21 29 74 31 75 11 9 48 12 92 96 54 72 29 96 29 92 48 79 42 50 63 4 76 12 32 47 86 92 10 75 0 7 6 13 75 41 29 46 22 9 57 99 29 17 70 96 99 0 63 99 86 78 6 59 81 20 44 93 87 33 72 37 58 47 90 28 95 62 7 28 11 22 3 33 33 15 9 3 47 94 
13 19 98 62 36 91 42 72 89 20 57 18 25 46 74 53 0 19 17 14 40 0 85 74 21 12 46 14 25 5 41 98 26 28 5 80 78 20 51 47 15 18 59 80 23 87 20 25 97 31 66 45 12 61 59 43 44 30 81 34 87 46 65 88 61 93 98 13 43 30 52 83 73 18 91 55 50 3 57 83 48 19 70 70 32 43 1 19 11 91 84 26 90 7 84 23 91 90 71 13 
4 34 65 98 23 29 80 83 11 35 55 30 30 83 86 10 68 38 23 88 39 9 0 19 87 19 44 57 95 76 11 68 57 71 98 37 3 6 86 8 38 81 71 60 23 36 68 54 43 35 58 80 15 14 6 38 17 18 10 56 26 85 10 33 85 10 3 92 50 49 37 5 18 39 10 51 50 33 6 59 38 49 48 19 0 10 76 80 17 61 95 41 44 64 20 5 0 78 20 11 
19 2 57 28 28 1 90 68 8 42 54 24 24 20 90 11 66 11 88 80 75 71 57 88 80 2 97 81 67 67 2 61 28 22 38 59 71 49 81 62 68 44 34 80 98 25 60 18 20 83 81 41 70 64 10 25 10 1 94 26 46 29 79 64 9 8 36 55 40 65 70 39 75 62 61 26 12 59 87 54 83 30 26 70 10 17 77 99 83 40 93 11 16 45 41 58 67 73 8 71 
18 24 52 21 80 32 23 3 9 18 41 49 42 70 97 44 89 69 65 11 55 79 47 43 50 22 82 4 14 71 40 41 78 63 81 54 44 35 67 51 57 59 84 60 98 65 97 43 24 20 68 49 53 87 5 97 80 32 20 82 1 8 53 91 20 45 20 68 99 61 11 50 82 33 86 58 91 90 30 15 30 67 57 53 50 79 49 86 88 40 85 59 21 96 32 58 31 30 49 79 
84 17 2 79 97 16 37 37 0 98 96 79 68 64 20 51 90 79 92 94 89 37 91 53 41 57 63 78 92 39 64 93 84 16 20 56 77 17 40 7 77 16 31 92 69 98 93 54 56 92 83 73 81 11 33 70 2 29 96 27 70 86 45 64 50 84 13 35 15 71 83 5 19 56 67 15 43 14 64 32 40 1 65 11 25 78 87 3 19 92 46 80 94 18 16 38 47 92 90 73 
70 74 66 79 26 2 36 38 99 54 33 35 43 98 49 99 36 83 80 64 13 72 28 19 15 36 57 9 10 56 29 30 84 51 40 37 41 19 71 97 64 21 20 4 5 56 81 34 55 97 54 52 48 7 24 58 74 10 24 25 84 37 7 70 57 20 7 3 81 18 66 58 26 43 90 31 73 90 68 80 77 21 36 17 59 44 45 86 70 99 94 92 85 42 65 92 19 32 14 88 
69 51 86 27 31 49 57 95 0 96 18 5 91 50 31 65 58 44 71 59 60 27 53 97 40 20 77 65 15 60 62 57 2 87 24 46 44 90 86 62 49 46 71 81 8 72 93 21 63 10 46 69 24 79 42 15 45 65 48 29 55 42 93 62 20 33 6 89 28 15 26 82 57 57 99 79 65 39 95 29 63 94 46 11 65 66 82 75 41 19 87 60 71 77 40 7 66 13 94 41 
97 34 3 96 31 92 74 81 54 32 57 53 29 88 79 18 80 28 75 93 76 66 29 70 83 89 79 84 61 92 10 49 23 85 95 28 24 60 68 97 26 58 15 76 63 33 53 26 20 70 43 69 69 0 9 7 70 71 71 0 64 17 80 35 71 36 64 89 60 76 81 80 22 17 22 4 13 12 76 7 94 19 16 58 49 31 33 58 0 2 26 88 43 76 59 89 65 77 84 77 
70 4 17 14 5 42 8 59 0 54 85 69 69 35 16 2 52 78 0 76 2 62 2 64 40 38 35 4 80 66 14 42 27 88 9 90 0 24 27 18 20 97 86 55 2 39 6 59 85 38 10 53 28 56 5 32 37 14 95 44 21 54 94 57 42 45 55 2 50 15 73 45 8 63 80 83 9 42 34 46 64 86 94 17 49 51 93 48 54 96 61 41 47 86 80 10 4 74 57 12 
28 32 64 87 73 48 40 35 61 88 64 63 50 42 54 99 34 43 36 87 56 84 16 30 75 1 75 13 40 83 41 85 94 82 27 50 66 90 64 32 87 49 76 61 71 38 17 33 70 89 24 47 15 95 12 85 13 67 69 61 83 61 9 24 31 5 41 88 44 43 54 98 6 22 30 82 34 83 48 57 38 8 24 10 6 52 97 80 60 48 65 72 45 39 51 3 16 34 68 10 
38 7 8 28 63 70 6 52 84 32 5 76 41 12 24 9 81 92 24 28 4 69 80 16 73 61 33 61 80 60 83 12 21 20 60 84 25 46 28 84 40 18 85 70 8 10 56 36 34 29 35 77 26 81 48 14 92 48 46 77 48 7 46 9 5 40 5 0 85 1 72 78 63 84 12 82 91 4 4 98 31 58 47 46 62 33 86 9 97 35 13 68 99 91 65 3 77 62 7 45 
90 11 30 85 21 86 47 98 97 93 68 56 12 12 73 89 7 31 58 31 61 30 96 82 6 25 96 48 29 31 94 27 81 84 7 79 21 24 12 36 95 34 28 59 90 45 55 96 46 81 81 62 95 57 18 42 28 48 11 53 99 2 26 53 22 89 25 50 11 11 64 85 8 81 48 41 20 48 38 64 54 15 81 4 52 53 99 6 86 61 99 78 92 7 31 5 32 85 90 11 
85 70 24 5 17 85 72 22 67 93 31 21 64 91 8 79 91 93 63 68 24 26 30 71 27 90 33 29 24 32 20 94 68 33 15 92 25 54 32 12 31 97 9 2 0 31 52 59 13 70 63 89 73 1 89 99 26 76 24 78 33 47 85 83 35 17 88 77 65 93 69 38 23 23 79 45 41 19 27 42 94 50 17 73 58 74 44 84 17 28 60 76 52 45 35 50 60 76 97 62 
52 69 9 43 60 75 47 56 28 97 24 42 13 84 78 88 62 56 48 64 73 63 29 79 64 66 40 18 31 49 93 53 99 10 94 32 65 5 52 44 52 39 50 93 95 93 30 42 22 55 31 0 74 99 56 82 10 46 47 32 73 13 24 23 74 5 14 21 7 10 30 89 69 44 63 81 99 47 22 42 1 75 43 72 35 43 55 50 54 18 20 56 85 62 73 84 32 37 11 85 
90 97 85 75 57 9 2 47 66 61 36 69 88 16 15 79 85 4 83 51 19 42 7 74 77 67 90 83 26 86 3 18 93 51 85 53 46 57 23 86 71 95 86 39 91 35 58 75 23 76 25 89 50 36 72 89 94 41 54 6 91 93 32 30 4 67 98 13 96 4 94 44 99 18 86 72 13 56 2 98 58 26 96 72 50 18 91 91 58 79 78 39 60 57 13 22 84 57 56 81 
88 99 3 19 10 81 14 87 10 25 58 41 69 70 11 76 80 63 60 90 1 17 40 39 53 10 18 46 1 5 27 50 62 48 18 0 3 8 80 46 36 20 18 48 13 64 88 80 23 43 87 15 23 71 49 66 13 77 31 6 98 76 39 88 13 53 91 59 50 39 62 75 92 48 26 86 86 17 38 37 56 27 64 50 35 2 17 15 76 76 84 62 24 13 24 94 30 82 86 88 
32 91 3 7 13 42 38 73 91 73 77 31 10 6 67 63 21 17 85 56 3 90 93 57 70 5 79 10 88 22 88 67 5 92 43 10 85 29 62 79 4 26 12 86 43 41 17 41 6 64 59 23 74 92 22 24 33 82 62 38 24 97 91 27 65 12 22 88 52 33 86 97 78 82 25 94 32 10 88 97 90 40 12 89 32 88 19 15 85 90 35 27 29 19 45 21 10 5 80 80 
51 38 82 71 37 56 91 18 51 31 66 24 12 84 53 30 74 41 80 66 37 49 56 89 20 1 8 53 87 98 21 0 42 57 70 65 81 45 86 92 60 76 89 3 85 80 49 26 87 47 82 1 9 93 19 75 4 78 30 15 46 99 49 26 8 65 87 62 17 83 83 82 78 79 75 69 96 93 3 56 84 59 19 31 63 0 79 39 79 50 33 19 44 61 0 75 90 30 83 68 
89 92 56 92 82 6 58 45 6 30 53 74 69 28 68 53 96 61 59 3 30 14 95 28 80 11 10 2 19 49 60 5 54 32 42 68 4 81 24 70 86 7 34 34 1 98 86 83 19 9 81 28 71 88 75 27 90 94 12 29 84 49 64 50 40 10 81 53 35 54 4 5 9 25 42 29 96 42 79 93 46 91 32 10 6 27 76 21 92 60 72 82 32 46 65 99 82 78 78 94 
23 11 46 98 95 90 13 51 0 59 41 71 65 63 0 17 26 72 92 31 35 7 56 26 0 93 5 35 56 32 31 76 73 91 14 49 31 25 10 99 6 13 7 60 9 61 1 48 16 65 26 4 50 47 26 57 80 29 86 96 80 13 78 19 49 67 20 78 17 59 32 74 9 93 64 58 46 66 87 45 84 9 98 3 35 30 48 47 59 94 83 68 44 8 85 83 2 38 60 92 
91 70 72 81 19 86 50 43 55 1 42 50 61 65 44 75 34 58 16 32 77 53 24 28 12 13 18 91 77 28 78 84 31 77 27 26 72 36 84 88 52 7 14 72 3 23 16 25 64 39 92 55 68 65 84 40 57 72 76 9 41 29 66 34 25 48 89 18 65 19 66 81 67 27 83 63 23 38 83 9 81 63 67 30 53 22 93 83 59 70 22 71 87 22 0 74 98 60 86 36 
50 4 12 61 61 89 98 6 25 23 59 3 48 28 69 35 83 4 22 27 69 75 86 78 31 86 36 56 53 68 43 34 2 90 90 25 13 97 37 23 4 20 45 2 70 81 21 22 60 60 96 26 15 61 95 38 76 93 51 87 63 73 50 62 53 2 12 22 33 68 78 72 77 32 86 56 58 43 81 81 44 93 85 89 66 50 45 26 22 12 63 25 80 85 29 9 29 59 10 18 
77 61 63 46 20 59 80 99 33 81 72 35 24 72 46 76 98 41 96 88 54 6 77 48 23 30 70 35 43 45 28 1 42 48 70 45 32 26 40 88 55 43 46 43 8 27 15 35 91 47 72 74 20 95 82 21 57 8 95 36 66 68 63 13 64 46 5 33 37 88 59 95 55 49 60 70 31 48 44 33 35 22 97 1 87 36 13 63 53 97 54 43 96 69 57 81 50 18 78 81 
16 61 16 84 77 72 32 84 81 55 70 92 29 69 96 25 48 40 85 12 56 23 69 58 49 11 4 16 21 68 60 98 73 58 66 34 34 55 79 21 76 26 7 82 43 29 23 6 87 47 36 90 17 89 23 87 38 58 10 55 32 80 22 24 71 14 87 46 82 59 53 20 54 39 25 0 22 96 99 35 43 30 45 79 29 8 0 3 63 31 1 82 84 19 70 75 95 65 2 76 
52 50 71 59 43 30 34 58 17 37 13 14 80 84 44 5 92 71 48 85 15 49 15 4 81 93 39 67 88 39 51 96 13 46 47 48 64 61 4 87 88 64 15 41 23 37 48 20 13 50 15 47 11 88 10 83 38 84 65 84 19 61 54 2 9 39 95 40 28 62 10 77 37 70 59 21 16 9 19 62 41 57 49 39 54 25 21 61 7 58 48 81 43 14 15 37 59 31 29 51 
37 53 15 30 2 58 91 61 62 49 36 85 63 89 62 51 77 59 67 39 49 22 88 87 45 79 22 71 87 4 27 36 48 48 97 7 67 72 65 7 90 0 60 3 8 81 66 5 99 54 18 37 36 96 18 94 29 63 7 22 26 21 68 57 11 93 83 20 85 9 60 37 47 35 65 74 79 18 5 25 65 2 93 91 39 13 68 70 58 34 90 63 52 51 59 72 66 59 81 32 
87 35 23 69 46 53 12 51 21 90 87 45 11 88 24 29 43 48 67 47 53 24 71 86 8 13 78 82 76 47 83 65 11 69 36 53 51 82 73 1 17 40 57 64 60 27 59 26 71 22 47 64 57 58 63 70 19 99 0 87 30 51 29 89 30 68 42 49 49 78 73 14 93 49 85 17 65 96 30 83 56 33 1 30 7 91 32 17 44 82 97 91 72 62 7 61 98 38 85 15 
24 94 50 64 46 47 13 9 65 98 85 84 34 59 55 21 26 35 91 41 88 49 9 69 73 29 22 25 7 62 77 46 77 73 57 16 50 73 79 52 57 29 85 65 84 24 3 53 99 3 69 15 58 92 8 98 89 34 28 81 57 1 90 9 40 91 35 14 53 79 21 90 64 85 8 18 26 90 3 42 98 98 8 67 7 19 62 58 42 84 94 44 50 93 0 5 28 49 98 30 
74 93 41 38 31 55 15 86 54 39 45 7 22 20 6 4 59 83 43 1 1 79 4 20 37 57 47 74 86 10 16 83 74 92 77 49 93 86 15 34 33 26 84 73 23 30 2 60 45 15 52 79 1 84 95 63 72 86 72 55 46 66 40 15 57 60 28 44 80 58 66 78 6 20 44 1 51 15 55 17 70 19 55 48 63 26 45 18 16 90 41 62 67 38 2 52 98 27 94 12 
73 76 78 54 23 32 45 84 3 95 39 48 81 20 53 35 66 89 56 49 4 52 95 41 61 72 49 43 45 3 43 52 14 7 69 86 36 86 38 25 10 47 9 9 99 45 11 37 48 90 75 3 12 68 3 45 69 79 79 88 23 7 3 59 3 47 81 17 46 19 77 91 54 77 5 44 83 38 59 18 69 36 29 86 58 47 63 26 19 28 71 38 32 72 74 68 95 21 1 9 
21 41 14 21 75 88 79 16 2 20 95 82 46 67 0 52 0 40 13 44 98 85 21 71 75 5 16 48 71 44 65 44 4 83 95 92 74 9 35 43 32 22 45 33 23 48 47 42 66 47 84 91 83 45 73 77 65 30 25 7 35 32 24 59 83 42 5 16 7 98 57 91 88 20 7 14 31 5 14 88 65 41 71 30 41 29 52 69 53 11 29 57 46 25 80 74 16 4 24 73 
17 74 13 53 94 39 4 70 95 97 25 69 8 45 44 62 65 51 0 47 36 61 20 42 24 28 84 32 68 92 32 83 76 17 88 36 48 10 64 81 26 37 56 55 17 55 94 23 3 61 42 62 14 99 91 45 46 36 0 94 82 46 10 65 14 4 76 38 19 77 11 67 97 71 63 0 81 15 53 53 62 95 18 88 94 61 64 88 76 10 44 77 36 47 32 80 44 70 62 73 
22 65 68 16 4 6 18 45 6 14 45 28 38 87 49 51 24 92 97 25 73 1 45 79 86 54 80 20 81 16 75 43 7 4 25 83 30 10 77 86 0 51 66 59 53 67 73 60 30 15 44 49 50 61 49 88 61 75 24 49 87 32 93 70 34 44 70 98 19 80 76 3 43 71 40 63 84 27 12 83 73 30 27 55 46 98 17 14 97 59 78 3 54 40 78 94 4 41 89 23 
40 71 36 63 93 29 59 92 34 17 64 4 92 18 64 9 90 17 93 16 37 1 44 49 95 91 72 13 25 30 3 59 81 4 55 20 81 25 11 2 60 51 51 59 96 70 77 13 2 85 70 73 66 73 32 97 82 30 37 6 12 55 28 41 25 57 19 80 9 39 20 17 17 5 72 7 40 54 81 4 25 62 90 86 7 28 45 89 10 60 12 40 54 44 84 79 45 8 94 4 
58 60 7 33 7 13 75 93 14 51 28 58 92 73 43 43 61 93 87 70 32 81 21 36 46 34 52 79 69 61 62 72 11 23 58 45 98 41 59 13 18 87 98 87 30 33 67 15 31 44 62 91 91 58 36 70 93 36 14 91 52 42 85 83 28 8 27 90 43 16 38 51 61 65 75 3 51 22 88 64 66 97 38 38 20 46 81 65 38 78 20 61 34 49 45 91 79 8 96 4 
58 23 75 10 91 66 71 25 33 13 73 0 86 53 83 65 47 29 24 71 66 97 12 41 88 69 37 66 2 90 51 63 42 13 82 48 27 16 66 6 34 9 10 56 50 51 29 33 15 55 85 54 36 8 72 89 70 83 5 69 77 2 6 74 24 62 51 7 34 22 4 70 78 38 67 52 95 44 76 70 0 97 0 99 50 71 11 95 63 2 8 44 29 37 79 55 55 42 27 84 
48 96 97 45 74 24 95 60 64 98 20 8 99 26 85 46 77 59 36 57 8 98 88 58 53 98 81 52 44 54 0 95 11 3 53 59 26 24 28 4 38 87 94 47 64 71 8 55 99 87 93 69 0 72 72 29 19 33 60 54 23 57 79 8 42 46 81 47 25 81 81 95 40 3 24 26 38 90 17 6 72 51 89 68 28 18 97 27 36 2 60 49 15 75 52 78 99 42 55 11 
19 8 87 34 71 72 39 54 26 5 77 94 23 55 96 57 4 26 21 77 58 46 25 96 33 93 28 50 15 53 49 89 54 72 56 69 67 44 68 7 51 32 66 40 89 52 54 46 63 16 13 59 41 44 99 93 80 90 57 17 93 53 33 58 55 73 53 72 7 71 33 33 30 77 82 84 46 37 67 9 65 31 61 1 53 25 90 38 52 38 13 29 18 93 13 97 81 39 22 35 
43 51 96 48 71 82 67 14 77 83 7 63 27 79 1 22 64 96 6 32 3 42 78 50 73 2 23 88 42 23 92 33 37 34 44 7 69 11 83 78 74 9 42 56 89 96 86 92 25 73 87 15 7 97 90 6 55 55 69 49 74 8 1 31 54 40 68 68 81 58 5 39 35 79 9 44 18 47 14 33 54 84 37 27 64 27 64 3 31 36 50 69 6 74 78 13 37 3 58 89 
50 13 56 47 65 33 6 46 35 55 3 58 80 38 97 15 31 21 31 34 46 46 98 40 22 58 96 15 0 37 65 99 81 59 46 8 79 92 66 60 51 8 83 95 38 18 1 25 91 26 9 15 48 56 49 54 61 95 78 93 67 97 45 65 65 9 30 42 94 19 58 44 39 55 36 59 72 88 86 75 82 82 61 78 28 22 31 11 56 13 95 22 67 56 14 57 87 34 80 31 
73 58 8 67 59 71 25 56 0 89 21 54 65 30 31 43 50 40 76 78 98 37 69 68 4 57 56 13 54 38 48 70 18 62 82 97 62 92 93 72 76 40 37 17 94 0 83 85 88 23 12 24 32 17 35 77 89 60 23 43 67 17 38 74 69 30 6 5 89 54 38 52 0 73 69 26 81 86 93 61 51 90 35 25 61 36 13 86 6 1 63 25 46 60 34 80 43 6 78 69 
39 82 35 56 45 29 47 11 58 44 21 87 62 74 73 89 82 31 3 51 49 29 57 7 6 22 72 44 32 11 57 31 5 31 8 67 22 95 70 6 52 57 76 95 79 85 50 32 47 8 21 11 51 35 51 7 48 16 69 10 63 11 67 8 30 54 65 87 53 3 65 45 43 69 48 37 2 13 59 33 63 30 35 63 51 91 58 47 35 85 87 5 77 53 0 52 55 94 98 2 
95 97 30 36 40 20 10 16 76 58 90 81 63 90 57 56 31 14 23 53 84 97 75 79 17 22 12 47 39 23 79 89 18 98 24 89 39 79 19 62 81 99 1 1 6 74 19 88 11 95 88 51 38 84 98 34 36 24 95 88 71 77 61 76 98 5 7 82 59 73 77 85 8 24 78 46 73 33 65 83 88 74 31 69 30 75 66 91 62 34 33 32 91 85 82 75 50 63 71 65 
81 58 6 14 18 69 11 83 99 8 59 47 98 36 58 13 83 89 9 26 94 45 50 80 2 38 27 21 31 95 9 88 4 91 8 5 50 46 18 43 17 5 10 75 84 40 11 50 79 10 1 99 72 23 30 30 25 89 32 68 37 33 7 8 57 47 33 25 81 48 53 93 79 23 76 78 63 26 29 87 19 14 4 25 13 50 93 50 11 84 82 90 39 57 22 16 55 70 16 67 
98 43 67 6 92 90 67 93 26 47 84 33 69 42 57 5 73 18 87 18 65 65 39 12 81 24 10 74 39 97 72 76 26 77 8 90 60 63 73 4 6 30 79 4 81 94 84 27 79 62 65 40 14 36 89 82 53 69 92 80 41 90 99 82 65 44 60 89 8 25 68 50 74 83 52 48 30 64 92 31 4 62 5 29 15 59 27 99 8 4 50 67 48 12 12 33 22 11 71 51 
16 20 38 61 79 58 70 48 85 10 35 77 23 78 25 37 76 64 0 49 53 22 38 7 40 80 39 3 78 31 21 27 91 25 89 79 41 20 1 98 2 15 84 44 89 83 35 80 0 70 70 38 89 90 6 8 55 12 60 46 88 58 22 70 30 38 8 73 51 76 45 88 64 28 59 34 62 55 49 14 12 94 48 59 35 24 36 46 18 83 67 40 81 35 86 4 21 94 95 59 
82 47 35 79 43 87 29 33 5 25 78 66 27 79 26 24 45 49 11 0 48 34 4 47 28 75 57 57 39 46 2 45 73 95 33 70 68 31 76 78 27 94 29 29 18 97 48 96 15 36 42 55 19 63 96 16 38 40 11 57 88 48 97 87 41 67 4 63 95 21 33 65 39 48 48 36 84 16 70 29 82 65 79 31 63 32 17 82 62 1 25 39 61 83 60 64 77 80 77 96 
99 19 84 37 66 14 42 20 78 29 0 61 90 64 65 84 5 97 24 71 25 42 69 4 6 92 23 41 46 68 46 43 17 76 26 28 35 65 51 20 11 27 94 49 22 70 76 6 57 77 22 21 27 92 53 60 98 77 66 70 52 42 72 82 73 40 37 56 15 52 79 11 88 95 88 37 39 2 92 60 90 16 65 29 39 58 47 47 34 41 85 87 6 22 48 94 18 56 15 58 
81 3 34 68 33 12 38 25 4 85 85 43 33 54 91 43 42 56 57 13 69 73 93 52 28 77 65 62 56 95 70 62 86 58 84 72 65 18 45 28 58 58 99 27 69 28 50 31 23 51 49 6 16 31 48 72 80 18 78 8 88 89 96 75 54 38 65 75 89 49 27 84 17 73 39 16 11 0 80 48 79 50 97 9 79 62 27 12 59 33 13 86 66 67 67 99 48 38 14 97 
4 70 86 15 32 58 75 86 22 65 96 68 42 5 32 47 81 46 55 56 76 58 89 25 37 16 45 16 9 99 29 25 67 4 4 34 31 54 16 12 63 72 61 85 23 12 22 76 43 88 38 8 12 38 62 53 2 20 33 63 16 75 11 89 57 39 79 69 20 44 95 44 46 3 29 80 70 16 99 24 72 55 2 24 90 32 52 38 56 91 55 32 22 96 93 15 75 56 57 35 
4 92 50 0 10 69 59 53 76 69 95 22 64 11 82 11 72 73 75 79 16 38 83 67 54 6 37 4 53 66 72 38 38 7 15 33 51 7 99 91 5 1 6 72 81 76 33 35 62 44 83 54 21 60 69 95 49 91 41 92 70 37 31 64 7 8 24 35 91 48 45 0 28 90 28 76 65 39 61 10 74 1 28 1 72 54 85 70 47 17 0 50 6 37 66 90 82 91 43 65 
3 20 5 74 58 91 89 75 20 12 81 73 21 48 22 65 57 11 15 58 99 28 73 20 91 27 48 12 97 33 2 21 58 11 7 26 46 68 85 81 43 1 29 44 34 34 81 98 23 51 27 16 93 10 90 48 82 94 75 77 32 21 67 69 46 38 59 88 89 34 73 38 50 44 21 98 42 50 85 47 7 86 69 55 95 65 42 83 94 91 18 23 76 19 33 46 83 12 86 79 
87 76 79 97 52 72 57 65 88 1 15 38 68 93 10 69 74 72 53 73 97 93 69 0 21 72 96 24 42 6 94 5 79 94 60 43 81 78 17 59 86 69 45 25 27 43 92 40 45 84 79 41 19 8 65 21 2 98 16 46 55 86 4 92 49 69 73 0 63 80 65 81 88 16 89 37 91 32 16 6 90 4 44 13 81 4 96 10 28 68 53 58 73 18 89 17 54 56 40 28 
75 28 13 19 91 14 53 6 93 89 27 85 5 44 36 47 91 10 63 51 46 23 99 10 77 58 67 80 90 23 15 87 92 34 90 80 67 9 47 63 25 33 52 21 23 92 43 8 48 49 54 75 49 53 78 19 66 88 8 65 60 83 17 76 8 33 6 58 23 67 78 82 66 48 66 8 52 21 81 96 13 9 70 4 65 93 14 41 69 26 31 76 45 59 33 33 43 93 55 67 
44 59 85 33 52 79 99 93 39 74 38 47 65 3 29 12 65 19 96 68 1 11 67 4 61 55 13 92 74 74 75 40 53 38 74 61 17 97 22 11 8 43 31 37 77 6 29 24 61 24 78 27 3 80 2 94 67 52 8 30 69 1 60 97 19 63 80 78 10 2 26 83 21 33 42 37 12 86 84 88 7 75 45 51 75 32 31 10 63 41 66 59 51 89 80 77 77 78 75 68 
42 91 85 49 48 91 20 32 23 12 28 35 60 84 54 73 36 91 2 68 26 58 3 58 37 50 61 42 44 99 27 50 79 86 86 68 33 74 46 34 54 39 40 87 55 12 51 30 99 78 11 40 0 19 31 13 98 92 70 34 4 59 36 46 13 6 33 90 29 88 98 31 40 91 79 82 65 26 58 97 35 43 38 13 8 17 30 10 99 84 94 22 20 65 70 82 25 96 14 45 
59 15 58 11 5 17 91 45 73 6 54 85 37 97 7 32 47 23 12 6 27 90 3 58 61 38 93 19 23 98 61 54 92 14 1 65 66 60 3 56 33 13 22 73 56 9 30 93 52 86 21 61 59 64 48 46 66 41 69 89 2 15 95 57 32 58 71 90 31 24 91 78 41 50 76 78 1 81 99 80 0 0 66 6 99 96 29 78 88 18 31 27 14 43 78 46 62 30 11 82 
28 45 11 33 34 65 95 20 3 8 55 93 43 71 21 7 70 33 26 33 82 21 5 39 73 43 95 1 67 90 95 77 79 84 71 23 56 19 91 55 87 78 52 55 4 83 95 66 57 16 39 8 13 19 21 31 12 66 10 17 78 79 62 47 63 64 27 73 58 14 76 43 65 76 31 44 84 30 61 56 99 15 48 55 21 87 69 48 58 29 36 51 96 79 88 63 82 2 15 95 
33 37 90 11 8 49 81 18 54 86 89 21 29 64 82 78 81 13 47 38 25 6 35 71 33 89 73 39 29 12 24 53 44 45 45 29 45 69 68 94 62 35 53 5 66 23 19 1 13 66 41 17 21 71 85 5 4 46 25 21 87 0 56 62 0 80 13 27 27 5 14 39 62 7 88 23 23 79 52 67 14 57 45 72 43 55 13 29 65 4 45 58 64 38 28 96 81 25 2 14 
31 56 86 75 48 44 61 29 72 48 58 9 48 6 82 60 47 87 94 6 85 26 67 37 26 53 9 77 6 8 84 97 56 10 67 76 88 30 42 9 4 42 27 75 59 85 3 9 44 22 86 58 68 52 60 84 27 5 13 14 39 70 64 54 27 56 91 71 27 63 98 88 3 66 69 1 25 71 34 47 71 76 64 51 93 3 88 21 47 46 42 39 82 62 44 67 60 41 5 72 
13 17 61 94 46 23 38 79 5 88 58 74 19 30 16 78 81 10 20 82 55 92 39 31 8 49 94 85 90 41 73 47 37 15 95 26 97 73 8 16 29 38 27 94 73 55 14 82 60 49 82 29 46 20 3 32 72 69 48 32 14 92 75 16 95 86 96 50 11 72 30 78 65 3 61 42 9 19 78 61 97 73 8 66 5 34 12 92 95 44 8 64 87 63 39 50 97 40 96 4 
69 9 75 43 27 6 40 31 90 54 12 29 32 49 25 99 8 32 93 24 76 69 4 72 18 45 41 46 16 0 87 61 43 27 97 16 64 83 81 5 72 49 0 91 18 85 92 34 86 8 90 88 21 89 70 58 74 95 9 16 11 95 33 65 92 3 27 53 2 19 98 12 36 91 10 3 79 38 39 21 96 85 95 67 6 23 69 52 16 59 83 24 4 7 91 95 68 4 85 93 
77 69 72 3 86 61 58 73 74 7 57 2 85 80 16 95 56 3 97 23 23 88 24 90 31 55 51 69 48 30 35 34 93 74 47 0 81 65 76 65 12 36 70 34 58 36 41 94 95 38 50 47 4 15 34 21 1 39 74 5 64 5 57 54 33 48 36 29 74 77 13 26 4 49 70 0 43 29 78 73 90 51 87 64 55 46 38 7 30 8 49 28 75 50 84 58 49 85 81 15 
72 61 63 25 35 79 77 94 59 91 15 24 86 74 70 21 95 40 41 62 5 81 62 94 26 80 26 30 38 57 60 90 44 7 8 18 64 5 47 42 82 19 20 31 30 51 23 99 5 89 61 15 91 26 71 67 25 40 44 13 36 46 12 22 46 73 38 13 60 52 0 41 14 72 50 57 47 39 4 86 20 46 0 86 59 60 27 78 30 0 50 1 54 50 12 46 57 43 35 6 
63 55 56 27 44 66 35 60 65 37 2 2 65 22 45 78 86 70 81 65 32 26 5 72 9 40 34 3 50 23 22 8 88 26 99 0 55 50 61 78 55 57 41 39 55 61 27 84 59 60 87 62 37 14 47 95 24 1 81 70 52 55 6 88 92 57 82 67 16 99 94 72 97 92 74 24 35 31 64 81 35 10 60 14 50 86 2 90 32 28 57 60 84 6 13 2 2 85 51 74 
94 49 16 22 9 73 55 91 33 97 19 99 50 45 16 96 58 92 8 28 72 61 66 88 89 73 14 22 91 57 91 31 7 33 89 59 84 17 69 6 72 86 8 54 75 4 3 58 46 44 55 71 25 89 43 9 68 75 65 8 34 65 15 87 99 42 63 37 89 78 37 6 65 51 91 52 27 32 69 82 53 84 14 97 11 38 23 42 44 0 2 8 16 14 2 30 71 64 65 62 
97 62 5 99 47 75 48 47 25 92 58 58 8 78 37 71 57 87 71 16 66 60 13 21 65 19 31 79 83 16 71 27 91 49 59 28 47 34 39 85 34 52 82 8 66 25 60 81 32 85 52 23 74 96 98 0 12 8 48 28 50 41 8 76 93 29 46 74 80 0 40 60 21 96 53 25 4 82 66 63 11 34 66 31 63 79 41 85 30 50 28 39 45 11 86 40 63 40 14 54 
91 74 11 21 99 85 80 72 58 68 57 77 11 73 41 8 22 70 11 68 66 32 46 9 99 26 96 41 74 33 6 54 43 83 92 71 51 58 37 51 19 31 48 34 87 26 42 89 26 96 86 60 77 78 12 6 33 83 10 81 70 65 72 62 94 84 72 68 70 31 65 28 71 79 4 31 40 58 27 51 12 45 99 31 54 28 65 70 59 69 53 85 66 43 19 8 89 59 25 18 
52 1 37 80 56 17 3 88 74 12 26 70 3 29 31 95 70 35 77 4 12 37 27 65 23 47 59 51 2 58 37 82 72 39 59 79 4 44 42 9 32 76 61 30 52 61 76 25 0 94 20 57 52 65 53 17 72 73 0 90 25 85 78 12 43 97 69 73 67 53 33 50 34 19 94 11 30 76 12 13 61 46 98 6 28 95 35 60 54 62 83 62 77 74 2 40 52 72 2 9 
62 98 37 22 9 84 79 68 71 10 33 70 77 73 48 36 84 95 90 96 17 61 14 39 35 59 7 53 28 71 61 40 88 97 28 22 89 27 42 27 24 87 81 62 47 42 36 34 83 63 84 83 12 35 98 60 99 64 47 29 38 46 80 87 74 94 31 34 50 85 2 10 39 32 15 71 44 58 63 55 46 57 35 98 35 22 75 7 60 7 53 58 59 62 94 76 4 59 23 94 
6 0 15 50 84 29 7 2 79 11 98 94 89 65 73 37 24 8 14 58 30 70 73 57 75 26 99 31 53 62 23 26 80 99 33 10 18 88 80 79 41 28 35 12 79 65 80 15 84 89 49 66 18 28 71 26 41 26 63 22 18 99 38 5 70 83 40 64 94 83 40 46 89 21 76 9 76 3 87 38 38 7 86 83 52 54 59 16 90 94 14 11 90 92 90 61 76 34 88 46 
84 49 6 98 92 43 15 21 69 83 69 92 71 80 19 37 83 79 65 37 93 39 16 40 82 27 46 76 79 7 61 69 87 83 50 21 26 93 14 52 30 3 56 86 18 8 54 84 24 63 1 79 63 48 97 47 29 83 94 19 31 75 7 9 59 75 89 81 38 47 67 13 58 25 91 52 49 97 18 23 74 94 27 91 19 22 49 40 96 69 66 78 23 84 74 82 13 12 89 3 
20 61 36 13 46 36 66 1 44 69 42 87 26 57 15 37 54 3 69 37 67 20 14 96 88 28 75 40 53 39 67 30 37 68 12 68 37 21 21 39 24 87 24 12 64 63 93 37 72 49 43 17 17 68 2 35 66 11 88 70 6 34 23 24 25 80 87 98 72 90 48 84 81 32 91 6 23 16 34 30 44 92 32 35 79 5 46 41 72 15 26 97 25 0 70 99 96 51 17 87 
10 18 51 45 18 55 39 9 71 21 56 41 86 10 93 80 44 84 74 83 94 66 34 49 18 1 6 93 36 83 90 62 73 6 86 50 76 56 92 68 93 69 1 14 91 61 12 44 25 56 34 49 93 72 50 90 16 30 9 92 72 55 30 17 2 48 22 47 70 79 10 0 1 88 87 17 19 13 47 22 29 62 86 78 41 47 52 52 11 10 5 4 38 24 89 14 31 71 13 35 
25 49 17 90 98 27 84 66 9 44 81 48 17 40 43 0 45 89 47 74 52 57 8 59 6 92 87 54 52 91 92 4 69 65 69 23 77 1 74 33 6 12 65 88 9 92 27 93 58 2 6 30 7 80 40 4 62 5 8 73 12 25 44 92 9 72 91 62 86 18 95 9 94 89 89 83 16 78 16 26 3 36 71 62 7 86 11 6 91 23 5 46 16 12 35 92 53 60 33 34 
0 15 26 3 32 17 32 5 2 52 32 83 13 89 9 15 5 75 12 86 92 80 92 14 95 56 15 52 91 31 52 34 51 23 99 47 88 58 78 34 96 68 17 71 27 0 24 40 8 75 47 52 98 58 19 26 2 90 11 3 12 33 33 67 60 66 30 93 35 15 7 50 78 70 89 84 58 58 84 91 53 43 40 96 92 17 32 28 13 5 38 99 19 88 26 1 39 0 11 9 
21 37 67 4 56 64 22 68 94 22 25 54 95 66 59 65 88 59 45 40 31 57 26 14 17 66 17 44 27 74 58 18 69 14 38 49 56 20 35 20 62 4 79 90 19 21 24 60 78 2 4 52 81 27 18 37 89 83 53 7 81 31 95 97 72 89 64 9 69 1 64 28 63 20 78 27 29 83 71 33 63 38 51 55 78 25 6 16 57 61 49 4 88 76 66 10 1 39 21 80 
37 64 25 64 40 39 55 97 20 56 84 92 51 37 33 76 63 26 66 82 49 74 55 49 89 76 31 5 1 62 22 22 64 96 18 84 42 68 4 36 49 0 95 61 53 85 21 16 31 27 58 53 70 1 82 99 16 59 62 86 56 61 5 2 7 77 27 35 28 95 54 79 23 12 21 52 58 9 61 7 39 26 86 35 96 71 42 74 92 81 84 40 89 88 11 58 18 83 16 14 
27 53 2 35 15 43 92 32 29 82 56 88 98 10 6 17 46 55 11 33 97 27 67 77 32 4 17 28 36 51 97 73 11 17 6 17 12 9 54 18 67 87 82 1 9 31 90 47 77 33 1 42 36 76 1 59 27 16 57 21 26 48 34 48 91 11 60 70 35 19 37 50 16 20 7 88 68 70 26 53 56 69 52 63 37 0 88 99 19 8 37 16 76 99 72 99 55 68 54 13 
88 44 19 52 59 89 4 30 22 66 83 18 56 36 40 33 52 36 14 0 63 77 28 95 65 26 69 1 96 67 14 65 34 84 90 36 20 79 7 11 48 56 43 84 57 49 37 24 55 15 45 84 52 30 29 44 61 79 70 51 14 28 95 49 97 0 64 65 32 85 53 51 41 34 44 69 14 37 84 44 17 93 35 57 25 19 46 16 93 2 0 1 84 56 85 58 23 15 64 25 
67 52 74 73 94 62 64 86 19 74 83 4 24 90 15 48 20 76 74 71 45 33 97 87 87 94 71 24 77 77 61 86 72 62 71 71 82 60 73 31 45 46 71 86 60 23 65 69 89 42 49 37 24 42 55 65 15 66 7 79 90 35 49 37 32 81 42 39 78 6 81 19 32 81 53 8 30 0 17 56 58 4 35 10 63 25 9 42 95 76 44 90 44 91 95 57 75 21 85 10 
42 14 54 56 99 21 27 23 30 23 82 61 20 27 60 25 49 68 46 52 63 37 66 66 79 84 23 76 3 32 94 88 25 51 3 28 35 52 63 54 79 94 91 91 17 54 56 19 99 93 72 41 68 40 26 48 96 75 33 8 91 48 35 44 4 18 88 12 72 6 91 31 54 72 53 71 61 5 83 32 48 11 38 46 58 22 34 46 83 22 13 26 89 45 66 20 42 10 84 36 
49 89 77 16 90 45 93 18 72 80 69 76 25 67 76 87 60 97 75 44 19 44 28 18 54 45 49 94 64 47 21 15 78 23 20 43 12 30 55 93 9 92 7 95 14 60 6 7 7 60 61 60 40 21 96 60 81 50 75 15 49 14 70 19 80 7 48 46 36 38 63 19 72 60 87 40 58 22 24 36 7 12 73 80 44 98 14 48 11 67 68 67 70 21 23 2 15 18 21 1 
1 78 90 99 38 84 2 65 58 45 14 52 71 71 85 66 80 42 31 29 87 89 20 6 54 10 85 37 50 43 3 82 3 12 90 60 23 13 41 92 69 18 4 92 23 96 11 8 91 53 77 40 62 15 19 19 22 81 42 88 62 14 18 3 32 74 68 79 14 34 91 78 72 88 74 76 24 27 57 39 75 24 29 69 95 57 53 72 82 97 67 67 98 43 94 46 97 20 13 56 
44 15 75 86 74 32 53 11 46 13 69 90 24 10 84 92 55 7 10 23 1 14 44 9 83 87 51 29 69 0 92 75 80 69 11 18 68 88 15 59 96 17 49 3 51 91 17 69 50 66 74 77 4 52 10 68 13 45 17 41 5 64 88 39 3 55 53 72 9 22 89 98 59 43 39 80 28 16 87 47 59 81 33 1 38 60 79 50 59 30 44 5 24 52 3 41 64 73 51 21 
74 98 16 97 26 43 78 34 50 20 4 95 7 76 36 37 44 77 21 48 65 96 89 87 32 66 20 94 24 40 56 73 63 2 19 8 62 14 70 77 70 71 23 33 21 88 65 27 49 7 14 10 52 50 70 13 93 72 71 24 47 79 16 40 99 52 5 38 74 95 15 25 31 98 84 69 6 64 70 84 74 83 92 67 12 1 9 88 96 29 99 15 8 26 47 2 35 28 96 81 
75 7 85 29 66 92 43 63 73 64 65 56 63 96 66 41 12 7 20 48 89 58 6 41 87 65 61 42 6 36 95 47 53 45 12 15 35 69 68 63 39 25 96 31 51 34 31 2 25 38 57 1 39 6 99 56 74 21 38 49 77 10 89 69 67 17 64 73 85 77 47 64 32 30 41 97 30 13 65 43 67 77 34 23 75 53 75 70 30 65 22 47 36 49 48 67 86 11 73 64 
