200433 232905 234100 214867 247515 216257 219339 236706 275856 225386 205852 230759 231531 225903 217458 236743 212341 254944 225372 199589 265013 238055 204061 231440 257992 240279 260601 242188 224584 243227 242875 238606 214613 239415 244649 256290 245523 219359 236249 244561 220112 209582 244964 211333 227556 253568 220116 227568 246170 237237 224725 242512 235121 243530 239992 214874 242364 252102 238931 232014 222414 222739 233083 244726 242903 218909 240724 214000 242860 216862 224564 234786 251898 246163 224630 221129 237207 242481 231993 255331 241500 234752 202057 236096 225271 229405 227245 232514 236551 232823 236308 223185 224550 219862 243421 230953 224633 272974 253968 228257 
203957 248515 233263 219952 264583 208404 236104 234953 253935 222692 216753 208150 238946 235907 214045 236510 214735 241524 211467 207637 259080 218518 212347 208489 252725 223058 245569 240352 211439 233883 237468 238004 227835 230489 219788 247856 258798 228927 227087 249319 220371 204501 251497 196528 234037 252262 217871 225588 226343 237346 226983 262454 228718 250717 221137 221107 230148 250734 228367 223275 211736 239635 226379 221809 234708 196360 249564 208222 243441 216245 239326 216620 258725 233418 224890 232158 234349 232551 232852 230229 210419 232074 203048 245718 215028 234231 228649 232562 227104 248271 247496 208273 201876 232553 239117 233132 216325 246131 228708 223686 
205478 239003 231519 221366 259172 222887 221238 234300 267087 220550 216618 235964 232959 241676 226855 228204 221940 260521 232119 217320 259135 241072 204203 241769 254221 234939 258356 225240 224738 246949 242210 233743 227256 237177 228408 255107 245048 243855 232384 249380 226846 215747 246535 223957 238536 253835 218550 226084 235867 246958 211150 265203 239256 236239 242197 229622 230316 254829 234235 220123 221906 228618 245600 233873 233590 232285 245928 216682 251149 220338 243534 217167 251558 254277 214973 221452 247393 237793 229649 228858 227274 241451 212862 249588 234913 214117 236753 224293 224428 213871 244135 230539 217774 234853 248275 243781 225207 255706 243113 229049 
230897 256284 264681 219953 267096 233303 210672 261153 281221 226670 221246 233572 243840 266043 219834 232669 253585 267710 199216 239716 264106 242821 215782 236354 272147 241016 268703 243381 231742 255136 251508 239759 231982 242000 254575 285386 261121 232614 238479 256119 239813 210907 245118 223808 239732 261152 223709 230099 258120 240203 241672 245404 250170 248171 223133 209277 241181 249699 229207 241763 225007 228159 250088 251460 258367 236061 268629 240563 240119 240247 259715 224773 265532 239248 239297 248275 249786 264090 233635 248597 240743 261397 199337 252386 232037 243505 237911 224010 248204 265331 266988 249470 228945 255257 225554 245482 226663 262471 266057 227903 
226683 254535 260529 232434 260319 240023 237880 243322 282802 241905 226655 221459 233616 228045 232653 250119 240968 270743 228953 230343 269908 229134 223978 245964 268545 244903 279557 265647 252681 243829 245660 251320 248004 251444 253602 282650 272682 235558 221550 242531 238477 211147 269411 219803 259352 264748 237916 225928 260212 243407 251453 250338 257109 262975 257315 224025 239269 274550 244904 232911 224414 223586 244195 240900 246861 233173 262028 210047 259328 241982 244286 231115 263612 253949 237896 244594 254401 252475 240247 249654 246713 229364 230905 260803 229149 223241 245376 230619 254639 249642 261878 249453 239690 253654 263003 235939 238553 272499 248407 243043 
204186 234754 228777 222026 256306 204325 227967 234861 253796 217680 215546 215331 240078 240637 213325 234236 207438 262043 200527 205167 244156 214244 203850 211016 254631 229587 254388 238096 217395 236299 235399 224946 226219 227726 217731 242825 249753 238007 235311 244275 223750 208872 258330 202141 237789 244166 219484 230195 232331 231740 216989 254032 239048 237194 225457 210352 240377 244441 221175 229074 230091 221327 217437 231992 225386 222245 245692 213697 236809 217763 234611 207743 251522 243637 218578 230572 229326 225712 224908 226635 222595 215252 209064 239065 224935 226868 200668 207633 223292 236861 241339 216027 217935 241859 228031 221084 222188 246622 230994 223964 
221812 256084 240182 210785 276086 207853 237295 246793 276614 230391 200700 249527 226156 258013 214559 227744 231874 256564 212580 214706 249912 218524 220793 223635 241482 234630 260795 244920 217190 245182 244355 229529 219550 231467 228769 252605 267280 239966 244155 243350 216523 207877 251846 214177 239427 243143 217030 238732 243398 254289 218173 255576 244901 258438 232323 211890 250691 245967 240387 232551 214688 230745 249110 240798 260554 235338 234526 241586 237102 236458 242689 224168 249832 231617 217773 249352 242311 255296 254602 242274 250294 266922 212521 242855 215469 249871 231512 229932 242314 264018 242255 226018 225136 246562 231709 244155 225276 252466 256070 226481 
192406 232685 223412 195043 250869 191513 226952 228421 244735 218354 203051 217348 215737 230626 198951 208980 220464 246348 206370 194785 235218 220400 201596 217081 255784 219032 227906 224411 198504 237651 222977 227230 208265 229583 224532 230016 231797 216634 218313 245330 205983 188027 234404 211977 221073 235294 217199 220202 221938 225108 208922 235298 211703 240300 227715 180246 212399 240564 211285 215495 194951 224547 228211 231186 241017 218759 216101 214166 233380 222177 224349 203021 237575 237862 198007 214957 220620 225666 219751 224301 203973 224613 202421 224443 224956 215207 218159 215628 228525 235212 219276 201489 199215 238835 233134 218549 224929 232461 234518 216673 
204059 257441 258426 226492 258948 225908 235559 252747 278857 225912 227897 225071 236370 241442 228412 242177 239790 255333 213216 230776 267554 227035 214925 223353 276297 251645 262306 256242 229635 254516 252046 245577 225544 244271 249344 268684 257212 235931 231011 264115 238367 219318 249244 221105 255426 267257 215145 244246 244606 261382 221985 260312 250218 269389 230480 225097 250558 264715 233843 230799 224309 218438 254004 249280 265128 236029 232801 222321 236615 233371 252574 242030 273603 258179 211577 238489 247721 256806 226742 230537 239762 240052 201991 241721 241542 243412 234306 226718 236426 253965 253764 228037 234029 246339 237332 245444 229934 258189 244231 230239 
206945 261191 254410 233023 265076 227369 227593 218163 274441 222303 226492 210570 219176 235963 224914 232592 237836 264479 229030 222552 260953 239371 209987 220722 268219 241736 259758 243496 225371 237365 253446 246389 238861 243851 229337 279733 263426 245185 232409 235537 222638 202748 236136 213167 245238 266094 219461 232966 245684 261311 219377 258858 268468 257893 246054 222688 236218 262595 243835 235547 223083 224465 256398 237023 248965 224592 255219 224166 239728 240794 248217 226031 274929 258450 217575 244253 243835 232408 232087 258507 247301 249682 210121 243699 233796 236429 237042 219898 239944 252273 270382 225869 219434 240670 250849 242825 221506 265719 238940 238262 
247161 266188 261173 232678 279161 245499 260398 270435 277928 238776 243886 262346 258839 279634 230209 252899 240696 283173 221523 233994 270893 242894 237472 248046 274022 255734 281526 271369 257248 255124 280035 265755 239153 259925 247149 272162 273069 269220 247312 265523 236436 224924 265071 243585 260552 274271 254921 260445 273020 253410 231124 284528 254134 271051 268607 221458 259459 273754 248951 268346 259879 244454 259207 268292 263006 252045 260616 246710 261959 255223 261075 249571 284914 262490 243073 253056 259645 258755 248852 259171 251841 262406 241480 269112 252541 241252 238537 252706 257932 257832 257322 242056 241642 258871 252173 251094 247967 278552 272643 259329 
191746 209685 222444 201625 239568 189867 203556 204989 243331 189141 206109 195269 211122 233315 206841 193520 200466 228643 188385 196025 215031 213264 176459 196433 234127 223906 230061 213220 211637 218027 227225 198838 194942 227112 194050 236772 221785 225621 214745 214573 204204 183817 216267 209685 210146 222921 195259 204115 212989 222933 197199 207757 219947 206860 215626 187834 209587 205675 193907 218168 207833 212284 202395 208265 206870 210422 213294 188014 210920 211765 223322 194280 235015 212292 184882 201771 208948 222879 211545 217105 207115 214441 191782 227878 212589 207042 196827 186712 216450 209524 222948 205871 194680 218374 196620 206923 198964 230817 207774 195472 
203092 262411 230099 233791 266190 231630 235720 243317 277973 220415 212703 238217 238277 253893 205239 241015 221845 272074 244150 231892 277684 239501 212798 254729 263352 243085 256514 246580 233865 243157 250118 243303 225757 249680 245952 262409 278347 245344 227578 267040 237340 230382 255105 212143 251395 262603 227085 246985 252859 246862 224404 261879 250657 266177 252827 225777 246844 261379 236591 243935 227152 251045 245779 230987 251081 236007 243464 226028 254878 241644 232187 229780 248765 258406 246041 238189 257482 247671 250077 258427 236065 256629 220179 233577 230221 238711 242990 240027 239847 245853 264219 247673 234035 247467 256095 238607 256742 254924 246297 238688 
207690 241807 242120 216226 254409 224046 215664 251023 263975 220719 216408 226109 235080 238245 226831 223572 218431 269923 228460 198519 262292 240815 197411 221858 281745 248330 248084 234018 216631 246167 256017 226001 234659 234275 224943 249562 250823 246407 244533 230477 226197 221594 258411 210918 224590 248069 227204 217079 232466 246521 212637 249234 250753 236999 212612 224386 233129 233284 226603 215320 220093 225516 242665 229259 247018 219081 224651 224746 236677 227042 261360 219114 252083 261574 211953 233875 237138 248544 226394 232750 232550 236324 214630 234601 233182 222889 237791 206508 246687 233563 243516 224861 228115 247258 243952 233346 218573 239327 251391 212305 
202636 227394 215864 192871 232803 189665 192628 225983 257483 199483 176170 204675 203912 215982 203293 207977 210148 223678 185880 191703 213187 200422 175026 201637 222729 221588 239382 214431 200944 219128 198266 214459 203418 207961 217605 227811 226916 196451 195374 216237 210343 178078 208310 186181 202658 213999 194830 193329 197269 223152 199112 223756 207188 214674 207719 189823 222061 223975 209081 223110 196124 197327 211498 222988 224485 197929 199273 199472 194103 197397 210073 198731 225540 211624 197237 210880 213552 226893 214961 201915 214799 209959 179261 218681 188557 207230 179900 198066 225442 221529 208824 200141 204980 213821 196836 207634 190722 235231 213492 198946 
223533 247967 246723 228265 269356 219344 245698 239018 280142 231688 222512 215901 233739 247020 224979 241459 239847 264244 223138 218319 256581 226850 217210 223963 265182 243367 262556 270030 232977 247156 259214 239126 246231 239775 251552 275840 279119 241481 238213 272575 223866 219349 249178 221640 229499 262383 233339 244067 243726 247159 224426 254250 266132 243449 238035 243318 257647 258778 227190 244855 247849 228441 244174 238958 253461 233176 252430 236914 234227 230540 236900 235620 269569 250702 212675 253780 239201 256226 244391 243984 224094 240837 211256 246680 240515 243188 246344 229759 232635 252458 257886 231046 225943 253516 240519 240989 228708 272374 244657 208470 
231053 253152 273814 242922 265589 249655 248228 263110 300474 242412 229447 256104 269762 274153 240760 252494 264794 264133 227279 245265 286765 247889 238170 258036 283433 253263 289538 271918 249888 265571 263183 245195 254742 253845 259853 291639 288663 246056 266809 275404 241255 218318 258122 242510 267270 270777 235051 253662 271074 265942 245391 283970 270756 264281 268270 239255 266367 280398 253454 249985 258134 250484 253530 253310 264279 262385 290055 240187 261941 242157 254991 233761 278140 270087 240545 249035 262070 271596 235135 261748 250478 274307 225003 278484 260045 247373 251912 249706 250264 264156 273193 245537 247801 260526 259381 253646 241521 282528 265892 246159 
253330 272190 274307 258713 311596 235228 271499 275163 315622 253583 261415 271855 267847 278075 252016 262737 250210 274222 248765 251562 286644 257506 241344 255198 297285 263387 289586 285370 246666 272596 282692 281016 274968 272455 268539 297554 302847 270540 261319 291981 247995 236386 276500 242668 279942 278676 247121 257806 265671 287816 260962 277717 270590 292494 263181 252484 272960 267676 270441 285639 249333 282334 273564 252848 282521 238007 276935 262826 270298 262193 274210 251973 291537 289142 242659 265731 282833 282852 269040 270657 256435 280382 238730 294570 246343 280890 259205 250236 281222 273980 285511 271579 253662 283083 266065 262661 265805 283316 300354 256441 
209783 257468 258227 246357 269686 234032 223113 235489 291359 239894 216937 230218 245685 263785 214077 253290 234212 264818 225709 224138 273903 231190 226644 244928 272243 262208 269257 249452 222088 254527 244754 246659 239511 252330 239401 280290 267337 235629 237009 264661 237014 211685 248630 223344 256512 280183 236246 228635 240587 255078 234161 253120 253145 255557 250117 220013 256194 263944 247430 236692 240812 237129 259167 253584 259928 227619 260678 232036 239387 233017 245125 220515 267802 253475 248583 249546 251983 255518 250857 242451 252912 263971 219273 264371 240081 242228 237830 233185 231752 256277 250228 244903 231842 248480 251143 242054 243763 265556 257079 235979 
231985 272555 269480 254233 271280 247410 266423 289477 293869 230827 238616 249548 264603 271835 231351 255694 248725 279675 237963 242300 293281 255080 229305 235318 291715 254653 288548 274711 270089 265386 272945 245892 248647 251620 256423 288448 271539 254207 260233 278463 269998 243428 279843 243240 261497 270084 236271 259629 272457 256658 257844 267157 268056 277077 263466 241054 280465 271634 252394 272066 245951 242683 256031 250211 265832 243501 268445 252683 258487 252315 267372 253405 269804 281840 238335 264718 263733 264819 258623 262382 265496 257276 235063 261550 249306 260969 249699 245311 271760 259328 274873 241110 246859 267750 263721 255912 242825 273538 266611 244102 
247834 273234 265339 239907 300182 231927 270320 283265 285715 261116 229586 240988 255244 268196 233855 249854 258672 283968 234130 250236 270004 238245 237542 243825 301257 263658 286898 282872 240616 274364 267938 271897 249795 254156 267810 281148 295338 258903 244627 278748 245328 241351 289982 238926 258414 291340 258332 252074 266432 251868 249010 278826 263902 261231 266320 240431 272217 263267 240306 275058 251468 254928 250793 261549 262033 251104 276333 243112 265429 255517 260347 240191 275618 275651 240274 264352 255405 262366 274259 264993 236862 263896 231572 261229 243798 268435 254313 257440 261487 267948 272986 242745 250044 276116 247162 263505 267971 276558 271867 233357 
203218 217905 217400 218047 241049 198439 200942 235669 252058 204408 193332 207673 225602 225883 197935 202982 196924 227180 195963 189523 236862 213934 175627 213469 224580 223823 234427 225577 221414 224901 227923 214368 216876 204271 211652 236063 240816 217207 225509 233268 213567 185146 235855 199420 198879 219056 200690 214210 227937 217794 210549 221318 221850 229496 216987 190898 225612 226856 212041 219911 207620 208618 203221 214465 224901 213286 219495 218658 226123 204662 216817 198716 223979 211018 204938 222965 224564 227725 214159 205834 231652 216843 186780 229410 205455 230248 209088 192412 228214 226549 231745 205473 206131 228598 229544 213538 215863 235263 224775 212023 
229214 266215 257384 233421 279723 240013 233039 257565 291426 243272 221432 232591 250243 268934 238780 251033 237140 264220 227102 235080 266798 237448 225949 239370 267913 260405 289933 255961 252315 261742 269399 244685 245569 243478 244523 270511 275190 245111 233621 270360 238467 232039 261759 219735 259261 267824 234172 247504 253513 255934 245609 256710 259220 260598 257113 223724 262589 264375 245511 246865 240811 241085 256987 239544 251685 249072 243350 230956 246456 247723 253478 233266 283034 259694 236051 252033 248971 279041 253263 250393 264723 259815 221481 256311 228834 233956 243378 230337 257405 263273 261373 257286 242416 259423 258457 250459 249756 256643 265510 225983 
214828 240706 242659 221260 250543 223952 227637 231854 262664 223831 208877 215627 240660 234101 212008 206371 213210 255361 204213 206184 231980 206022 206864 226844 259290 228312 245439 252112 233245 226515 235379 211916 206391 213218 213204 257383 246416 233591 222069 225783 214216 196618 229903 201877 232271 231474 201254 230151 247567 231582 216358 248338 245905 233543 221469 203805 223333 243752 211569 219568 216646 216969 226865 219843 226901 219545 251540 220617 232439 217915 232893 209365 251912 219156 201696 214537 220690 234856 219011 225831 226029 236149 192915 244676 227946 215292 221101 210965 231295 233132 241237 213005 216793 220971 227382 223476 222652 246196 224706 218091 
226060 262031 253152 240196 273915 237548 241027 261102 297455 245862 240454 237388 251905 250490 236009 254773 232348 290503 227911 234162 279522 238285 228911 245618 266738 263061 286164 266984 252069 261399 264878 257426 252537 239826 250117 268703 269163 250391 249054 262875 235871 237095 271484 225866 274839 275888 229457 236913 257087 256454 241925 248535 265838 273242 248966 251955 266434 257880 260516 242551 231884 232657 265111 230280 270694 225611 259663 238255 264256 240865 265356 234394 281115 257432 240534 255006 264045 257819 251265 252818 254835 259275 230199 261948 227832 232395 261054 240084 248501 262212 271234 258997 238328 254542 261836 252294 239332 258844 280052 243743 
226668 269735 273189 241418 274544 219363 249425 269593 282953 242661 229174 244658 260163 270020 229180 249934 243517 275784 227982 237287 276815 254369 223911 226052 279608 251588 291517 256691 225010 257827 269701 260864 243917 257541 254927 277814 269277 262734 243041 268484 239196 236512 268469 237291 265738 271330 226129 252971 258592 272660 227589 278434 262156 275459 241273 225915 258919 265170 245063 270475 237781 248089 243371 248407 256397 239341 259713 237168 275998 251940 266402 244593 274101 256926 235805 247159 261068 266095 242303 251351 250660 263289 217379 270212 238936 261224 249978 265509 256964 267495 288712 257044 227816 266647 258158 255464 249909 285975 264153 234512 
229423 261161 266736 236229 269627 237877 248638 241032 279549 235170 233500 244060 258000 255959 236220 256167 246879 261268 224637 226167 273845 234193 226293 240508 274151 252862 271161 263669 247137 255197 271183 243586 247979 244728 229905 283750 264255 249189 240783 265354 234656 225969 259334 225560 256607 268679 233008 245017 257605 265040 239148 276754 253759 266259 256877 228924 249414 270779 253237 242369 237947 237680 246998 249391 244377 240127 260344 221899 238544 256285 259012 236188 283754 262545 226666 242472 253581 245090 251010 253403 241591 251424 219840 256807 248225 227310 257003 238332 246369 247706 252267 240222 242562 243641 266751 266126 252005 263068 248216 245609 
246572 300991 306802 266155 312941 264348 270922 290890 329913 286862 255433 257751 292967 296701 261535 272029 287235 287456 256716 255041 320495 261509 258777 291751 315745 273895 300395 304113 243384 312726 275692 270660 300009 278128 280012 314803 315487 283766 289572 300676 260142 255716 291616 249607 292455 308503 253021 279342 279321 302179 256468 310302 315678 296997 279572 257048 291818 306889 268093 275296 268112 279457 297187 267388 294563 285817 285721 277523 284588 259764 289170 259731 310700 293005 258218 286635 289312 300629 275965 275866 276155 279287 256888 302648 274927 275610 279379 261922 271074 305092 302068 269849 270017 288726 277009 268972 276049 292430 285897 273333 
219800 249410 239814 209769 261332 212962 214770 250788 282493 216762 213729 231034 240636 242461 211837 227335 220386 248687 210221 201680 257704 235280 209161 219707 262818 234771 250431 235686 221133 246357 228473 231697 230046 223568 229192 274003 235960 216809 233033 240042 233803 202513 249509 221917 226541 251747 209071 215750 233607 240397 219310 246095 235302 230696 222701 218509 232555 238647 232344 226767 209200 224853 221188 232178 236091 212325 245378 228788 237358 212822 238424 223864 258068 246942 221071 226676 231883 237518 236446 226989 232984 238454 189248 242720 219857 226799 238611 227555 232009 231740 241798 229727 215684 240886 220531 232167 225611 255761 254947 209727 
235403 247434 246176 229959 281758 237722 232023 244304 283856 229865 235474 209542 248564 240403 233868 229071 235133 272853 235343 220725 268498 251171 210662 240838 278366 273023 258386 254999 236904 246471 256586 226547 240359 246317 242361 281044 274947 239830 240177 242021 245926 231263 258135 216865 230383 274808 234623 248875 249432 240030 233460 251364 243090 248881 243451 228153 237871 242878 232274 238365 235979 232564 239570 237232 250299 216406 255401 220581 262509 222485 250514 237471 273061 261792 226948 237565 231565 244973 249685 263371 230597 241004 223857 244989 236706 232194 239471 223940 251544 228346 248538 216501 247760 253425 244702 243707 243265 246051 251046 211434 
235580 291204 267523 248246 288353 254066 248607 272445 312554 246649 239331 270012 267723 282226 245259 249219 261825 295581 229235 240065 282922 265428 242736 263494 296884 255989 280842 272262 256080 278137 269868 262942 256125 266605 263999 302518 285230 266409 263528 283995 233025 238341 271458 233240 271626 282729 264066 279358 275421 275139 262067 282743 290367 272240 259464 238997 272609 280956 251752 258394 238381 268320 259227 249332 278106 261274 271107 256761 260156 262477 285312 255536 285621 286397 249641 272741 262379 277079 269034 266193 272028 257492 233076 266292 253247 251385 261563 241814 268715 263224 283849 256278 246700 274028 284118 267354 255836 282874 273736 256890 
218246 261653 275838 248011 273496 233043 254053 253594 288608 240452 226443 254691 260799 262499 234772 229505 241105 266209 239043 211949 276556 248233 221638 244030 289236 242158 268094 256663 249207 268270 247474 239963 239438 262996 251998 287986 268673 246847 244658 282172 238248 202147 250679 242619 261922 264307 226570 238284 267474 264315 249971 271141 267120 252083 247913 222903 238775 259697 248523 261073 247859 269011 264233 247811 261742 241034 265657 248496 239250 252860 242869 244203 287409 270344 238188 255667 257926 256892 247964 247580 232608 266495 197561 266288 252204 253470 252474 257467 257998 249661 259017 233277 220707 260582 248190 256247 239376 276677 270808 234017 
210155 238726 242196 226800 249059 218797 219058 237855 270208 212660 217713 224972 222537 239719 209288 222530 218722 265427 212703 213528 250882 223792 207585 248856 259223 255276 256065 231469 220725 246728 245069 216479 224371 236909 225375 260773 258380 229933 227870 241326 220838 199762 244821 215171 234540 260425 223478 224378 240934 251473 217738 221752 242484 244771 244812 209260 235176 223854 231910 231168 227144 239190 226848 223487 228974 218090 247420 214046 236715 234236 249680 198944 257604 245520 217782 234000 229683 243184 232423 229194 220787 237161 202538 236369 229062 243835 238108 218751 241083 241514 243673 239034 224490 239226 231556 217723 243175 245244 248685 221752 
222750 264740 259863 238948 272554 238006 246066 264725 287304 238946 230088 235143 262883 273999 225845 242390 229648 282178 236790 223542 272078 254884 224460 249691 286565 260336 271091 259805 243067 266566 258902 258884 248779 250621 254147 276061 266928 252331 247547 267509 238483 233883 271626 237905 259080 283330 250460 256584 259979 253157 247805 258573 262024 250882 251854 242091 257766 265533 243988 248838 242410 256862 256177 241546 259629 238788 258061 244559 258518 248867 261078 233828 282557 269038 237930 250205 246138 257615 265383 262844 241069 252026 230124 268376 255259 241763 256105 247406 251865 261851 265431 247758 227647 263200 257632 243348 249474 271346 267757 245949 
224385 249291 259025 246097 253437 240947 241473 262113 267107 236065 226012 234421 235580 248500 228327 222421 235711 264470 229322 210722 258831 239738 207739 224456 278276 240461 249112 249048 241028 236870 268128 232542 239684 242619 225913 278084 261121 256526 238880 262562 232497 233872 260869 232062 243767 271801 221990 254492 245076 246098 226421 266137 254289 257691 239393 225961 252329 264394 242178 237831 224182 240957 241965 232916 245069 233883 249871 219019 251662 236367 269316 239465 267994 253636 236511 243647 239041 246728 247911 241165 233676 253020 215932 256681 237848 244640 240894 227136 256404 253391 257730 219210 232203 245654 266807 236905 228781 249345 251902 250872 
231133 269934 268348 246318 286000 233427 240076 261715 299442 249383 238328 245684 262719 265166 241580 248236 249313 286833 234627 238747 288497 246924 220391 249792 291153 266772 267833 264853 248029 281105 260211 258731 272441 243891 246730 303172 277647 263636 250827 275310 253079 235434 281621 245454 274291 281872 244820 239576 249839 266948 258902 264062 264648 275052 251730 230300 254551 268378 244301 260896 243921 247648 265475 254569 264225 251896 264492 251769 268509 259370 278742 227089 279338 279420 246896 262320 260702 265208 264634 259869 248255 251109 237043 264539 247111 258025 241441 224925 267986 263680 266961 241743 253310 268786 258978 247833 257335 273242 280289 255697 
221354 264871 235026 224836 279331 224851 225983 243889 272373 233650 204592 229562 241247 243944 228306 237774 228889 267677 227365 225941 254951 221680 219509 242213 273623 236865 267784 239185 227895 246286 243043 254890 235556 242285 247174 260117 272858 241675 216947 246797 224202 213899 256268 213772 243393 255553 227949 224403 234074 246094 235192 266066 246168 242664 229516 230823 228584 245662 231874 226068 223990 244239 256606 245389 240510 225271 264238 225308 231632 232985 237679 218527 271688 265540 226169 249231 241842 236366 240921 235847 225468 241826 213996 249828 243782 224518 236144 228096 247843 235212 233794 237667 235602 240694 235422 243441 218152 262449 248879 221997 
212832 240358 229033 208557 249869 200839 226131 235974 255944 216030 202455 221928 245468 242528 203151 202076 213434 237735 201671 205415 231690 222143 200873 220761 254317 221030 245906 226023 217166 244998 239551 211240 214174 229543 222180 257684 240279 228409 226065 232394 218782 198299 239960 199231 236888 232768 210795 233326 230790 234375 211901 225844 228457 226310 220574 205372 236427 227821 205892 223060 205992 225455 211559 210146 229432 216061 232123 213569 225344 221498 224407 207888 239056 229737 202599 211750 216974 239259 231330 226131 228719 225603 183308 220023 218376 217972 217095 219286 237274 240556 241892 224416 201597 243301 213538 226662 221770 236808 225048 203422 
217721 266800 240947 223817 276470 231097 240428 271289 295829 237692 228689 252911 262259 264589 239743 241910 241760 277578 229382 220281 269351 242894 223671 239681 287313 252464 271384 256961 224236 269956 249979 250226 241760 238615 258494 276535 253994 246449 262580 281579 228359 219738 251447 233361 248286 267521 230147 248576 246626 257470 230676 264671 261974 254276 231019 232173 265834 264540 246698 237571 217523 247509 240849 245803 248316 243427 257192 258322 247834 254746 265154 250069 270667 257733 233357 243482 240252 253520 254882 249681 242996 261451 206308 258039 249458 249323 238494 249737 260926 261743 249553 236366 233931 258473 263272 256382 255130 277301 267683 231679 
228338 268393 258878 246379 271992 234494 251677 279378 298687 250244 234939 264984 264107 255931 250010 249519 238675 267923 226778 232073 286265 248565 228057 247749 289489 257190 288659 264874 238399 259855 265338 267172 251765 259863 256824 283738 277637 255619 255991 260185 234531 220750 271932 231236 271998 272725 242453 258433 245652 266040 247684 271525 255684 282297 251052 241030 264114 259020 254381 263465 231400 256514 251843 235807 272834 227061 275191 251257 262673 225657 267899 246723 279358 272897 240712 249359 254184 268475 252425 267042 244588 249132 224090 267534 251070 253217 238944 245052 269051 255936 273078 236800 243599 261837 245076 253251 218149 267897 275783 251409 
218846 262933 250040 235291 276640 261309 224142 261219 292925 231714 235089 243228 248936 269099 251524 236175 242608 268399 217070 233267 273271 236943 224672 268278 276607 255856 282968 262245 238077 269496 258663 237288 244932 249673 241858 285799 271668 248778 249412 261641 237225 219225 262372 231897 255722 263733 241961 253605 260510 248552 241811 261384 260900 238994 259467 235035 261765 281617 236986 242701 238510 234188 254078 250097 263599 246473 263755 242791 255867 233942 254956 245125 285233 262522 239175 252861 249370 252290 251461 262023 252964 252700 223588 257465 248866 233040 238493 229661 252801 249051 266812 239383 239213 260679 247848 246000 235128 273140 267525 241617 
217131 255377 241473 213088 257014 226607 221203 247865 250009 223706 197645 215298 240725 248812 203425 198675 215792 245535 216739 211864 250667 218256 204031 236049 281629 247671 250059 241108 213044 245909 253418 222427 240340 219481 230031 255996 263544 226891 230641 225878 235446 215823 252443 219521 241611 235373 218017 231538 231839 236475 229192 235150 231730 228684 233174 212865 229189 239777 209674 231366 215406 226697 240861 212067 230673 213384 235895 232950 245047 225888 234100 209641 251432 248936 219573 216298 212168 243629 236841 238333 228587 222693 216143 240805 235357 224894 217527 225642 258870 235381 240280 215398 222897 239517 222597 221162 230858 231911 244809 215258 
219139 241101 241560 225928 261495 212634 219420 242205 251698 222628 220225 215617 251464 240235 207973 223766 206748 265333 208859 206387 247204 220787 216414 212792 259575 224612 248668 233415 227629 240231 248802 233513 227619 235665 246255 265785 258750 239191 228295 255208 215854 208114 245446 205998 241864 252362 222942 236414 243130 233533 227471 248533 248047 227091 222060 214492 241530 236300 227599 231718 220883 216977 224410 229376 237057 227165 259888 222469 242901 230878 239707 234594 266327 247937 234598 234351 237835 247578 229242 238855 228150 235815 198782 240163 230489 225550 219357 228459 241267 243623 249965 218292 205079 238076 233782 238625 221358 258427 240601 231254 
211936 228828 241160 205295 236498 230604 218798 228334 258610 211515 208140 202917 225927 230015 198978 209134 231449 239762 214416 220478 244993 212983 197812 230180 249479 236399 240359 239906 213217 229444 230992 231412 214962 216134 230700 257933 251375 231498 209489 225808 222339 198016 230304 206762 227069 258849 223427 231216 221429 233661 223946 239903 220826 234278 220654 196716 197738 246835 215380 225618 199941 222306 237971 226074 244072 210979 233473 210295 224226 233894 241430 207257 248067 240215 213343 216896 223706 236138 235471 235088 211110 243787 192491 242758 220191 215561 225599 215935 230771 238605 238765 218765 224634 239547 226880 224013 231392 234825 236590 217824 
228968 262664 269227 236934 275400 255430 252807 245252 290912 238096 220694 241971 263376 265091 245417 249833 243781 264801 239592 241380 280316 238197 222698 238575 276476 253718 284127 260414 239695 252550 264751 248936 236482 250135 246672 286938 265662 245213 237181 262114 241492 234244 267359 231816 260489 264180 235758 256022 262156 260007 240027 282444 262065 265655 265879 227163 244618 279289 237636 252481 256791 241652 245041 259131 245414 239198 267723 239324 264727 246473 251690 239703 281431 263069 229239 235758 259519 252805 236619 261764 260426 252318 218169 253785 245863 234674 258948 243269 247769 260998 267404 252813 246080 259997 257403 257236 245414 286845 252665 231405 
210783 240851 261770 228425 264598 221871 234352 258583 288979 229570 227988 254496 252701 239840 233202 238096 242763 282626 223451 228905 258135 249849 215614 242345 275746 261336 262535 248209 219378 254812 250260 230923 228783 247452 242152 274253 263880 243314 253701 250243 240428 210965 249151 221901 244229 269990 225908 245641 245737 249958 230985 264980 240803 253426 238170 216483 250514 241226 241384 244377 232536 242532 244103 242253 270574 242661 259888 241687 253670 231576 246662 225960 262181 263439 221229 241997 255754 260617 230175 254495 230821 244057 207804 252494 242782 242016 230405 238770 244373 244177 258490 228366 227984 253736 245194 254126 233779 247959 262360 225493 
215740 225850 248355 221742 235386 211321 222637 242429 245314 212703 196576 213821 239054 249360 216028 215203 236655 220164 201529 209254 245780 214160 197424 216530 256973 213786 239902 225610 201236 240285 233175 226897 235913 221603 229034 241547 260125 221172 226534 253302 226555 202722 235222 205123 236277 227976 202355 224905 227888 235979 218068 251640 232110 228417 215143 205158 228282 217676 217309 220224 229075 223064 234405 218730 230505 224423 237822 216115 226896 221564 225112 204037 246608 248231 212062 230604 226570 245127 214287 214740 204276 216533 202865 239556 218642 228425 226660 228570 234633 231107 237234 206307 225783 255734 225284 223492 227528 235045 234953 210629 
241093 262708 274022 250682 274620 250620 258326 264370 282912 240953 237736 244414 277903 274623 238060 249635 258479 264437 235711 236484 281064 255687 231220 249873 288057 259291 280994 257988 238689 269488 261771 258734 233039 256341 267513 285107 281346 239711 246746 280536 266211 219564 271507 229802 250250 267600 248384 260891 269182 260405 241328 271399 253697 266491 260353 232532 251587 265461 242977 266697 237749 249021 250748 254147 277664 236742 278567 248129 258806 239874 260466 239411 276046 263633 234404 259011 253783 277172 253266 263913 254413 246585 218546 279554 263579 264968 252011 261151 263244 273404 280478 242000 238635 266991 251063 263302 240426 286136 263864 235234 
218522 230805 253279 234893 239810 226539 236866 240518 257491 227242 213059 226505 233873 249343 216051 234087 238923 248534 214211 211686 257881 224902 218882 221479 257976 227568 256969 239489 229709 237067 246713 230027 219690 243812 229977 264600 254074 243434 235501 245652 221751 202670 256834 217525 238340 257064 222927 239163 246542 242986 227996 269407 241048 244155 231171 213431 223313 252854 234480 226123 221795 223097 244141 241282 235231 220331 251044 217101 230063 227732 234757 223882 259011 244497 226912 226219 238325 243981 234538 251172 231591 251023 214332 244547 229347 224492 240498 241881 229666 251063 262167 231389 215987 245105 237403 234491 222575 262075 229281 232267 
231782 271944 268395 225628 277924 237784 239968 260042 286100 246811 236546 243824 266188 273299 239097 237380 257609 279495 239818 236948 272575 252408 225026 233229 287875 245449 276222 263100 250488 267434 272486 265181 256727 257552 264701 294431 299244 264189 260109 280346 235945 239342 269475 230100 270003 265700 237563 251864 278464 263337 247904 269178 271442 267788 257459 239941 261010 275028 240406 262485 249636 242850 268722 270127 268171 255136 256653 251898 270083 272155 263939 251310 291294 271713 241863 259529 274627 271033 247711 255487 264480 261276 238858 261156 246492 245975 255240 245521 266170 272128 277497 246447 243531 273216 260356 262509 245126 288679 272554 251370 
209632 262599 256247 225333 272335 233028 240933 267958 275150 230076 223922 238683 228171 257411 218647 248498 241581 276302 221279 226743 272743 234529 229334 241837 280323 245824 276536 256718 249439 247523 256557 248872 224463 251705 250404 269841 279228 251404 243512 268082 236841 229251 278633 228145 262405 268343 242046 266148 254027 259770 241816 268231 255254 266014 247743 220981 254740 253584 250277 238436 233700 249483 262716 247300 245155 247031 250484 235084 241305 254059 264478 232234 271939 260723 230626 254106 246681 262937 246415 258523 247937 252193 238241 264272 247071 247872 247278 232677 250660 270788 258374 246185 237158 257522 255473 239420 234255 265245 275052 256126 
226189 247683 244271 223203 268094 233848 227286 248225 273615 226039 224847 247795 250289 269276 217768 230922 230002 271874 213272 223155 248100 224207 224487 240355 264573 233196 274851 250581 236598 240923 246557 231960 218046 234041 233954 262000 246738 243061 235029 255534 226213 230635 257346 223794 238491 258210 222207 232977 253733 234557 248312 253851 249832 240310 246243 214120 250174 255465 228822 252351 229069 234448 236016 247867 252568 225788 257839 226125 241395 234337 250350 232707 270044 251111 224794 231418 251104 253510 236712 233907 231642 244662 209232 245843 224910 215393 236273 218726 238175 240774 229553 229630 225066 246519 240834 243258 231903 253514 257849 221574 
209918 264142 250147 241114 272047 242182 237146 260261 276376 241523 226702 231066 249206 253928 239885 234738 237823 267709 240419 215386 278215 248238 226468 253490 299610 257508 278755 261638 234205 252620 259765 229318 240861 242763 242659 282091 273699 246297 250515 262176 242086 229029 265688 236661 252883 261998 225647 237873 262454 248325 241319 261139 259405 253579 260946 238408 249549 268141 233730 241624 233773 248585 259050 242835 251844 233294 252758 223940 257037 232560 255820 246336 280703 272610 228439 254331 241021 253817 245296 258474 239966 247622 224279 254027 254505 245873 234045 236104 252008 248979 254890 232464 237258 248494 253985 248395 225378 265544 261154 227897 
213076 264872 252945 249032 260423 239055 249430 251437 272284 246053 222281 245060 249109 259011 217780 245298 235608 267727 225378 230557 279579 232412 222309 250513 279843 254612 279662 262231 229916 250921 255605 244916 238444 243798 254063 278293 264876 250355 224625 273954 239241 224149 263799 240489 260455 260989 224955 244174 252159 242159 241664 259998 251234 264057 267691 221051 248779 262600 243502 246910 228596 242658 259537 235821 255829 235219 258396 225480 257097 246960 248996 245980 262386 274766 251378 258530 246422 261406 248355 260245 228543 254174 223258 249538 253701 247549 236315 241743 250733 251884 264970 240593 230534 265006 242961 248444 238813 264447 262395 249050 
189730 219509 225821 213495 262457 199886 218177 231525 259860 216204 219951 220179 229657 243024 226302 225246 208467 242919 226262 202769 233228 229704 197262 222604 249274 231697 246992 232069 214144 237441 232146 223617 218957 225566 217393 237522 232730 223955 230524 247921 221688 213308 224313 204749 224236 235437 202875 215813 240919 222557 205154 239572 228765 225955 229475 206543 239766 227119 218706 226541 216642 225433 223227 216437 235928 225688 233201 220696 239107 211101 226606 214900 245664 234839 215694 232766 234536 239901 221740 235950 213362 232162 202355 244064 209899 225559 216088 202533 226657 224910 238403 215398 200330 227301 221111 232398 215844 242843 240669 206462 
255439 287278 308128 265538 296410 265423 269235 293364 321943 264176 261120 257313 283058 286332 253094 270171 258828 319342 252801 249769 310111 275831 249495 257317 317386 275983 314852 283979 268751 285879 298591 279219 286313 289459 286367 315994 302708 275261 263495 299811 262552 256445 284423 268659 279355 322600 262817 296686 294570 282686 284649 293960 295605 300887 285293 235362 272519 298086 270970 293928 275727 268914 290074 276825 297967 255346 292514 260708 289785 286423 290745 278875 315492 290325 278110 287430 294579 284506 269437 286476 270521 274941 241481 288803 268278 288034 285406 271534 291852 276408 297186 262407 251570 297963 294211 275500 281876 298243 293622 271209 
213987 218386 231291 211190 257736 208844 224589 242872 253877 215548 206007 222402 227017 238098 207473 227635 205110 236804 203852 197953 245384 205780 200739 231275 243227 232767 243898 239017 225528 224314 230301 221456 220075 218807 220079 247801 249940 226805 211866 227397 216978 203541 238790 199180 224572 245640 218107 227918 241389 218164 196369 230484 239567 229928 216273 213674 238061 238512 239158 229905 204586 213853 214981 217635 210235 206810 243233 213185 231740 205893 228631 197720 245609 228395 202596 225470 220147 229559 233857 226431 223418 224203 197824 242286 207983 231606 220563 223721 240721 224032 240046 208852 222646 234540 216904 203449 218839 233923 229506 224218 
243689 256634 268891 253386 263199 248006 249379 275787 283303 223831 231117 253549 252534 279923 229190 252487 244594 267760 235986 249052 273845 254668 236086 249941 287018 250858 279052 274815 254790 258437 262124 260508 244972 263393 257790 273507 285939 260321 247826 276124 255537 234790 273956 253544 251685 279259 240582 264366 272826 257770 249813 266744 267753 269555 238427 232299 267982 252334 244666 257724 237921 242728 255986 249032 282874 244528 266646 233444 265744 242002 263452 237841 271754 281837 234259 262905 267616 264844 253147 264319 255726 260215 238085 266266 248623 260217 248335 251930 265560 260272 277483 250695 251691 268747 252821 245989 234419 264605 269661 240605 
241019 232892 260698 229190 260128 229976 234727 245701 276079 231107 214145 232966 245003 255025 244939 227490 231925 255958 227213 231765 257786 238882 202142 241594 260419 249534 252593 252836 230247 252414 253996 222087 242723 236462 232229 259306 256282 245952 232578 253211 226401 213362 255193 225295 247274 256345 221386 224380 261911 252166 221773 261520 255344 241375 246650 205347 234393 255587 225311 232881 242966 231691 231163 240723 250660 255369 253035 218937 251815 229702 260685 214510 259495 245176 218923 229274 249929 270138 231777 224271 234018 240383 199437 256168 224321 228305 240791 225409 247433 238224 254164 228242 241101 251135 236725 246207 248814 258850 246352 223881 
223280 263520 270678 226210 265891 242807 245752 271303 289713 229350 216390 240893 239930 259333 222565 240619 236313 279465 223296 233941 280670 236418 232285 243343 292683 256604 284677 258056 236512 266147 257590 246924 245997 241182 258685 274204 268279 238634 248305 254185 240995 224128 262753 253207 250484 275863 225597 238874 258843 257376 250012 261802 263812 255272 262032 221602 241589 267344 228321 253186 237422 240764 254602 245851 249259 236623 264395 244851 255676 248182 252597 222146 266723 259720 234867 248101 243758 254697 235317 253109 243479 247806 219932 255806 250153 252347 249074 245046 255941 247840 265964 237752 221798 263938 246061 244033 253707 261363 259955 233861 
213818 251014 255960 233255 266787 239049 226802 253200 280063 223122 240099 240682 246034 263418 215442 245326 230878 271916 239432 219108 261844 247640 219186 243213 285234 268317 257482 247797 232793 248433 261465 241802 221275 247522 240199 276629 266897 251311 246642 277827 249302 218231 259499 225349 243595 276881 238901 257606 251749 251880 222257 250358 253420 257420 244617 224252 257689 243976 246314 247453 232172 245662 244309 243958 253767 241587 258427 223953 256378 236545 259848 225506 267234 265449 229503 246893 247521 262135 237187 250615 252910 261537 219662 269771 242898 254873 238371 234852 242388 261147 252077 245237 236374 246220 250350 249498 230531 260787 276111 235908 
223143 269065 269577 248477 289250 244011 252301 259679 289446 244397 237545 247849 254138 256386 230478 246622 237098 288556 245833 253121 287838 244642 250315 253991 304636 264148 275268 259515 234951 269983 273209 254807 252179 253786 260746 292618 288237 248110 261064 274207 246577 234902 276248 236982 256408 292794 249630 258394 260517 275492 255920 275002 259928 269213 270455 256318 257363 284622 248635 252859 238855 262666 275752 245943 266413 239532 271441 230362 260591 262342 261185 239304 275785 275542 241274 268606 258426 257402 249674 258976 252802 270660 233743 275287 263004 261686 255016 247725 251242 263045 264221 246481 241857 255263 271699 255736 255938 274429 275986 244075 
221204 238540 244584 229566 262385 198326 221821 246390 257485 209744 207652 224005 221245 226380 226523 224180 214697 253610 215449 213986 249519 232172 192971 214207 250423 222847 246076 227254 217800 223754 236337 242093 226606 226359 231899 265631 246327 233847 220620 244169 214130 213753 248562 205648 227418 244389 212500 224530 238565 245321 220634 245478 254736 249662 222318 211816 225600 240141 235397 255212 234445 211537 235753 227329 235603 240967 240461 217735 250682 227950 233388 226926 263917 247719 221178 243468 251592 239615 231624 230494 234162 234455 203422 235705 211923 239087 231436 209697 252317 228800 253226 220742 218290 235825 240772 226816 223720 258913 245543 225383 
219418 242680 249430 225597 277590 223264 231202 231181 273668 229191 209100 231695 243212 255665 210386 245384 224877 272743 207054 217754 246893 233671 211799 214222 262187 228038 265745 236335 233214 235926 239021 245440 224087 233909 236487 269895 261626 233662 226879 260084 223693 226888 260520 221592 233979 266948 214181 234864 246627 224399 242632 258425 262878 244556 225733 217976 245111 238763 246615 237854 230284 241658 239804 255979 227711 217209 267937 234754 242862 238307 241437 219418 274720 255344 217097 248433 234450 248543 231896 248070 231438 240589 208214 255489 236306 238594 227695 228581 244820 239348 249756 231778 221994 245700 244779 238558 222432 266787 254069 230585 
231004 256828 263357 252322 280913 230727 248006 261089 292297 238242 228965 240618 256122 268373 245492 238408 249893 277498 238922 236719 263558 252613 210441 262222 272339 267763 278065 262920 233922 253408 246136 240837 235552 258732 254238 275760 269352 269450 246120 266136 234475 229228 267423 247373 257216 278762 232839 245488 255266 265269 239382 272613 262649 254773 255264 221225 237544 249504 250754 248894 244630 263212 243348 245286 258313 260073 259134 229636 264747 252446 262643 226410 288136 257903 228518 244702 257357 272012 264061 265143 225305 269935 231349 268525 249577 252148 243039 235619 248855 252591 272444 236842 236420 268146 260837 259615 262596 266179 255325 236245 
244802 282434 271592 241800 288048 237034 265574 290948 303974 251661 235179 278636 276666 270762 223989 259027 233962 287375 241751 238267 285370 256849 233656 248136 292931 259558 274802 277593 257747 271353 283470 269052 250313 266711 262193 292060 267294 255640 260236 264305 249733 252524 272692 237808 284479 286202 244892 255610 270296 265722 255648 266407 272660 274107 245757 245890 276199 281780 257864 274054 240746 254207 256751 250684 276262 255795 264873 245171 286264 260306 272126 245318 284567 269696 252260 255995 277082 273381 271300 258815 261257 272644 221996 267715 241272 243649 261259 262537 272885 271773 280356 266130 243813 268273 275238 253199 264948 269927 284209 264435 
235121 257247 260197 239530 277288 233359 249277 240227 289792 238083 225295 242416 250735 258258 238147 236146 246016 268535 239289 239361 274902 241133 226361 226665 279324 251280 264940 253065 221744 253555 262173 229994 246121 243742 239278 270244 274401 251007 243373 262165 233371 221390 257483 224805 271270 271965 226655 241453 251203 270294 234715 274759 249222 277876 244760 214680 233645 255946 236706 248319 236596 247351 259777 236377 259613 229759 251133 241291 253900 241168 266209 223598 265419 260233 229375 235721 247415 256031 243141 255878 243147 264013 209499 257694 243391 256942 228893 234124 247906 263999 258726 244427 247625 257341 240636 244485 238454 260801 257444 229284 
229928 259449 252816 239785 265977 223075 241319 255468 271956 238992 208338 239805 241059 257224 236481 224135 240839 271199 227125 225602 258733 228827 223713 239357 269629 232742 271800 235397 235832 254701 247985 242033 230333 238564 234900 265866 267340 244870 233284 267332 229285 206111 277094 217725 250063 255611 221685 238329 246642 247484 239688 253004 253183 254884 234639 223478 241116 248399 238071 235981 222898 228675 252640 241834 254605 239353 250705 234126 242539 235180 252891 234137 251466 261149 237342 257268 251005 261700 241275 232943 243481 251243 215061 236685 221859 241453 245166 237373 261753 254031 252709 243503 242735 248847 234129 249747 221556 272252 252852 217706 
232701 258825 259668 247435 280053 220787 233793 253501 277286 245678 220486 243274 246587 260599 216634 249346 234793 277977 230698 216808 251811 245593 212777 249153 274740 270683 270527 257731 243006 253522 261060 237152 233580 235808 239945 270087 270360 245939 250973 257422 250473 216860 261947 216144 245928 259202 239393 253357 238401 249998 234007 258041 252564 251970 247657 226078 258377 253663 254141 257248 230365 242552 261001 249114 247019 245033 253527 233523 250648 237526 245692 225065 268511 249608 240742 260580 237050 267437 254082 227088 247681 263502 211411 273107 239782 239872 242089 220164 257209 267577 256674 250198 254465 257080 247508 244450 224849 261492 261827 235603 
208947 237517 248761 236088 271538 211535 237750 233203 264205 235171 212287 214582 245976 245650 220190 247280 240643 272362 228541 237585 263153 227927 203227 248234 251941 252849 267348 247616 221880 248306 245607 229501 228907 233145 229012 262102 278861 253784 245502 250895 231037 212113 275117 215067 243838 271006 224099 235963 249571 247762 223926 246837 257358 252658 232498 218323 226292 251438 240873 240332 230831 238543 247288 235157 247177 246260 260147 225725 252240 232163 246786 201197 250524 246354 224818 237428 252894 252346 242572 239014 231908 253299 223820 259223 224612 239015 241597 222918 228053 254220 260839 252099 236982 243572 240144 239525 232839 251508 244489 215042 
220623 263537 256385 241532 282814 233872 251632 276256 298761 230784 215184 250310 248918 250878 230557 253294 246951 274703 237338 235912 272162 236386 221472 256499 279228 260391 279265 263974 242304 250414 249950 250661 235903 249793 249207 287869 268611 237182 249896 258929 245266 229227 250175 212578 247262 269668 229170 244490 255227 259052 252477 273405 247463 257329 243223 232974 240369 272034 245816 251051 230885 248646 251223 245735 249230 225731 271191 234190 233426 243194 249383 235140 266311 273463 246329 255237 249101 257629 258559 256235 235908 260786 214538 246884 235825 255200 239119 241734 256000 244408 256495 239135 240895 261111 244000 258199 261210 258893 254640 229530 
180972 225370 221138 194328 230409 191568 201012 210688 236859 208983 188505 197965 196549 227691 203488 208246 203358 236271 192210 196112 230388 204448 193934 193946 239138 196462 227000 215796 202869 219487 234937 210105 209722 210359 196557 225504 226900 223906 222141 236906 189578 197568 226196 197631 225448 234597 195302 216816 208230 221045 201340 231501 208136 224007 213114 191271 222267 223221 194518 191017 206346 204966 224264 205294 212994 202579 221408 203571 208157 195481 216604 194780 232851 216241 203604 221913 208107 220611 204481 206640 205403 209861 187384 206893 211017 204106 215563 201717 202162 224238 224961 195843 183830 224641 216624 223217 196128 221404 212470 204911 
213531 255503 261103 234555 266276 228899 230333 244343 274758 210190 226140 226818 239304 255132 226929 231164 228915 267768 227713 234764 265984 236226 234300 236547 275836 248207 252955 241282 232125 251237 257203 245352 237396 253403 245944 274233 281003 244019 236553 253200 233948 221278 253183 217597 253631 263897 233647 247207 246083 268421 234903 252496 261963 252487 225866 241604 245519 261903 236738 235556 229701 242222 259763 242524 255943 230565 240084 226989 248950 244736 247797 238590 263456 260106 221877 249193 264147 238380 243716 236520 245051 254445 223790 254427 240721 238346 244135 237803 245966 250248 255713 246110 234885 242029 249914 230114 228727 271594 241278 239416 
230330 257859 261041 229892 283029 238981 254027 257834 267059 254493 234584 230957 248944 244291 249184 229135 246732 253820 236543 231106 278047 243191 220180 243775 277729 262659 267082 268983 228060 254089 260389 243976 252278 259122 258352 292127 283569 258662 237065 255930 227384 227167 262963 220929 253295 255303 242929 246280 262849 258797 237481 265201 251253 263355 246746 232975 238789 263042 232608 249423 240101 241505 261609 236591 260831 238640 250214 232778 274093 245697 263322 254742 274016 265495 230368 240478 252642 260571 252953 265336 230617 246443 236847 260997 225188 232125 240263 234986 266481 247271 265171 235935 238571 265808 239500 255538 233424 264868 268672 236856 
208977 259650 256242 222097 243658 244806 224011 255306 272404 208572 230401 229730 251319 256783 202462 228801 242839 252193 221400 211665 275157 242763 216135 239663 290723 264328 261582 242414 229963 241911 247056 231935 238295 240911 243315 284730 267979 229521 233752 259554 242663 216818 247218 220660 233320 256648 226248 238407 234186 235199 240176 255074 246283 252085 228386 225104 239666 244372 231833 246056 229076 235600 260622 253491 251776 210808 244590 226178 241276 235349 253145 253832 260240 272270 236533 243997 245067 243254 240509 245515 216145 244570 221328 260808 236287 231723 225230 220128 240802 241712 234695 232081 240165 237424 239522 247536 216113 243400 264085 215817 
216415 254187 244677 229237 266972 240774 233909 255035 265178 242961 197069 231952 228106 258480 205914 223116 233776 269272 227184 220629 265165 224743 215022 229263 267866 233981 264885 249433 214302 238852 255693 229904 231199 222848 229430 258993 261187 239369 238510 257897 232709 231289 254013 226801 225537 257691 210860 234192 245041 236834 246556 244840 237216 249866 240871 211951 244547 243492 230276 243789 222158 224028 253201 237581 241376 225554 246135 239820 243576 248168 253311 224611 239293 239121 238108 256167 242453 250580 236661 239079 235015 242841 218591 252376 220704 239117 252186 228981 254534 248906 257107 240065 227166 250035 256821 231275 241245 250814 261814 209934 
196514 232570 225356 213937 240802 191297 220133 223330 250898 226364 204874 207868 221944 234224 205229 222448 220571 255933 199623 195241 244439 217144 201907 221987 247292 216467 258069 234925 204921 223137 230770 223289 217448 227679 219671 245532 239948 236087 220319 234178 210638 205322 238466 206278 236260 232932 203626 226912 233915 228998 216655 236084 229572 235940 226389 208955 232916 242640 226189 224422 208709 215010 225172 222591 242244 205850 233510 204287 234371 228472 224187 226444 249608 233875 218026 222677 227628 237873 231818 231595 218660 227893 206621 223636 202651 222803 224326 228679 232897 236328 248672 217308 195678 252299 229323 217870 223518 245842 234187 208059 
235085 262289 253573 233453 282667 230997 232334 232490 278452 235413 221360 234895 251469 259869 211533 240284 240309 263028 231412 229332 279510 230652 225187 244647 258982 259545 269193 257219 216354 246549 258825 238135 261211 238581 230478 265396 269781 249713 243097 256099 236471 229086 253517 224922 249469 270122 227814 241696 234185 270042 232092 262706 262655 260385 238568 212326 247226 254599 244521 244486 210574 234770 241626 234433 258452 241137 251118 229714 269727 235048 265946 221949 245533 261377 232227 252405 253190 259112 248408 242983 255985 257694 226805 259916 226249 235675 234958 233811 245151 258613 268266 251955 241634 257455 240589 241286 238644 256497 265395 233588 
233566 255228 252667 226997 276833 221376 251291 255745 269710 256780 221883 244411 254497 240012 226243 240440 230028 274288 233535 217321 271753 234651 220637 244459 274628 250455 267848 259337 227839 258018 264432 245931 239333 244591 260459 264989 266186 250047 227702 264658 235230 233611 261707 234565 239009 258424 239295 250492 246227 242777 234252 265905 239318 255273 244580 217666 242903 263224 232790 251490 220258 235974 252170 246252 259004 236109 255221 228724 265807 235080 248588 242285 260254 264530 229105 241166 249838 267988 245489 246308 224619 243175 216494 250727 239238 223348 244078 238333 258497 246088 245222 232550 232723 264788 239556 253266 229811 258003 268661 237051 
236167 262417 268144 242292 270404 234789 236774 240372 286556 239429 221498 241910 250724 262178 224334 242264 225115 283164 226455 243868 265350 226791 224523 253400 267782 260288 270335 240894 226601 258161 260553 250445 255257 246640 243553 260877 265199 244530 235800 261982 238043 217451 258401 232156 244845 281606 232969 229412 243106 264236 254371 251034 251644 257507 251949 221170 248781 257939 243404 249164 229385 235331 252676 241404 268454 239860 259143 226715 255652 235255 252634 228914 256740 250354 236832 246546 257961 261949 255786 241548 229918 252092 216088 256751 245509 241142 243922 232103 245593 253104 253106 243741 234858 256361 248306 246737 243038 260848 248496 228420 
259436 276206 263501 245981 303566 251137 255707 281984 314158 246243 241869 246911 259789 278854 263183 255166 258121 277687 245503 258555 280095 254217 231714 263739 277182 275810 295678 289863 257018 283085 268814 263052 249775 270595 265789 291168 292302 264908 254546 264251 260635 224251 283546 239571 277704 287180 248837 257602 271959 280676 260364 283831 266252 257541 253998 243647 259912 281034 251961 255476 238219 250298 254138 260169 284262 260899 274995 253265 279541 251884 264012 236076 285303 254423 246175 250103 268574 274910 273311 268342 255306 277104 233819 270439 249598 249232 241886 251858 263198 277672 284887 259251 249444 278775 248273 272711 254269 282848 270886 250741 
196458 251693 244741 223162 236894 214297 217574 246431 263945 221080 212085 224067 238798 241661 223339 226742 222993 245334 201931 217640 263094 222411 199734 223982 256498 237007 256576 241212 219784 239045 239128 220048 228396 242908 233707 257840 262958 233218 232416 253750 223505 212022 246120 215771 249213 241391 202360 231813 234557 254859 205608 257270 236298 245195 223286 226776 241654 237564 218474 224412 230209 229903 245529 227881 247328 228136 248652 227664 239852 217311 236035 212897 253228 235043 217783 231793 247892 244952 220979 221701 227310 244560 206564 255424 233637 233193 225867 216112 223620 237414 245390 234524 213016 232997 230063 225354 212302 244656 249912 225551 
239172 276430 276378 243657 297168 250841 247275 273484 287584 251908 231663 265451 255941 297600 226923 257553 253480 301191 240793 227643 273159 248689 246412 267436 294080 261009 287336 265291 251286 270411 274690 278118 238928 255113 249266 276664 291985 271710 250036 283534 269608 233333 277319 250681 255300 269962 241921 264606 265166 260496 251141 284803 261589 271627 253020 237631 259685 286343 256878 263354 240621 247246 276425 282777 274481 242781 279927 249157 273770 256857 269305 239583 285753 284719 249788 273130 267653 276038 257402 249886 262705 261595 232599 280467 245442 266732 261168 268946 279589 266423 265129 261842 254785 270764 269928 255484 257043 284398 287456 252151 
232436 264983 255708 236412 292741 252154 237470 277466 293303 244318 228178 246774 250655 268001 235066 242364 243258 264814 244302 231825 273878 235083 224967 255738 287227 234216 273892 262222 237015 255468 254038 243772 255640 249776 262262 275253 297213 252547 255515 265483 235468 238644 271017 222850 253522 275642 240706 257691 255741 250535 252582 290451 257240 255214 252312 230119 250482 255825 244420 239534 241009 264007 259632 253573 258983 246254 269229 245961 260127 241306 267913 222658 275920 266289 238098 265678 261019 268840 252036 258697 237022 266626 233406 270222 230589 262531 250093 222113 261921 256646 268875 226114 242872 269423 274687 253139 254108 256639 271203 231726 
247173 271613 277486 254731 291739 240575 252249 284703 302546 261878 239663 257526 266557 276678 261361 251632 254546 278222 254606 253061 283505 255253 232087 268914 286335 271825 285039 281853 250318 275170 266150 257615 262652 263429 262779 289474 295779 262954 258165 277223 248617 225152 278507 243926 269408 278091 253657 272517 277218 271266 262962 284159 267786 278256 273466 236162 276079 272834 258672 275780 265169 264243 256864 249556 269729 266946 272385 252898 282585 240881 253898 258645 300169 271891 246817 256627 280986 263502 268189 265102 242879 257140 230731 276115 245155 260736 255608 262114 264548 275839 270341 250243 261761 286375 272513 256827 256197 281006 266550 256175 
214759 244391 251467 203239 255098 220047 235261 241298 260087 212184 203367 228336 243200 235767 210449 229828 222508 257534 217052 220152 242410 221153 211993 221304 238145 217874 246438 239295 213656 245768 236725 226763 231446 224887 236470 261509 254394 232383 225477 241437 215842 223283 250609 200695 230151 260673 234940 242073 242524 236749 217504 246298 242102 239416 233198 205396 225514 241137 219422 224679 221914 216716 220182 231439 233754 227944 250772 218049 241383 228593 245533 213224 260679 241886 197093 236202 242849 235318 218371 222848 226595 237759 207057 231120 221980 218433 242018 214443 234921 237274 241987 223082 229038 249841 239939 245685 216353 250289 230327 213688 
211408 229009 240297 225780 249798 224700 216841 228414 252735 219297 211753 225537 227220 250528 201537 225560 214623 263501 200448 212483 241341 212115 208614 219831 248609 221945 256953 219236 214604 228888 235494 216964 212909 224092 237450 246117 244412 227708 212295 263819 210067 216166 238645 205370 231425 244358 200067 236339 229530 225587 218627 248205 245729 241804 215767 216109 230738 239227 227837 226141 209967 227085 240261 228109 233403 218288 243396 206950 225931 225366 231783 220535 252877 235065 213211 246041 237627 242980 225451 226103 225207 229650 191768 244459 229329 235213 225739 217361 235336 235832 243671 236023 199293 226960 244923 224313 224417 241412 236482 220502 
219966 231093 242362 210593 261634 208810 231532 229489 277881 225640 206123 240781 237617 229920 223528 239861 233782 255358 217406 220881 255140 228310 206626 246337 248342 251903 254128 250209 221925 251107 240556 234612 229918 233937 226386 255869 267235 226026 256624 236484 214679 187227 258038 211905 230957 239025 230971 222875 224326 237889 231228 224198 246255 246592 231946 214938 224761 237576 230877 227990 205305 237399 229479 236097 233830 224572 244998 218454 253144 211229 232814 205961 251991 239145 205255 214524 242218 241397 231763 228565 234497 236216 224776 238079 237621 220009 241209 218888 244755 240064 236758 215848 246317 248833 228561 233127 215377 250624 238535 228908 
218969 227474 216157 204839 259602 204685 219536 238400 253484 213369 197877 217493 209130 221489 210738 203682 215335 239969 208972 210332 240403 213959 199236 218306 244080 220545 243575 231716 205979 223887 236413 211339 186212 228993 228926 244295 236324 225557 217232 220292 217658 194255 221194 192976 235706 239980 213728 232710 233167 238616 220152 245327 215203 222586 222717 193455 222087 241498 214402 221081 213991 210888 215030 212737 227195 219230 232413 210764 217457 217540 230448 226776 234879 225205 207360 200495 222155 231013 233623 229658 224064 228964 173978 218294 215360 218726 197913 207294 222880 224615 230485 217404 210278 221802 216394 233439 217610 235907 225630 215191 
199291 227538 230182 233612 265644 212464 208771 240759 254634 216758 207612 224573 221152 243727 210577 220703 229273 251775 229252 215937 250973 225976 198356 244668 259251 237359 237928 243120 218676 222769 234565 219223 216353 228900 219372 249766 249307 242712 235035 247796 224695 208841 240687 219630 225129 236736 200194 207365 244368 227407 208243 244145 240160 237357 225042 213227 230239 239118 227335 232276 221471 225402 244562 230763 241845 236866 243609 221664 238595 214434 221788 204277 239438 234387 218293 227484 242778 234690 232582 228894 226031 250022 209536 245256 233014 224716 220794 219828 224659 229004 239927 236903 228653 230029 222272 227439 224471 251776 244836 223287 
215851 255285 251508 236933 273995 220835 230977 243389 279665 230634 219016 220539 241635 245334 230736 234408 231660 254975 234225 221947 265805 234314 214162 235248 261459 240584 268439 261335 239714 255303 253337 232899 241693 242693 236720 280129 270940 247122 242339 253044 241514 227120 261650 227997 263646 260760 221679 249153 252346 264268 229664 267156 241009 254489 243108 227563 244536 262920 246399 232463 224470 234509 250523 242722 253370 248360 259230 238426 255454 249603 245662 215179 279020 253490 226810 246709 252802 248328 262838 259101 251129 250243 219530 268998 227809 246681 237021 234352 259027 254511 259221 235195 219500 244769 266849 232804 255818 259432 265876 240573 
187036 215145 229783 210195 235153 208162 207137 234072 260075 206373 191420 215782 220686 223523 217759 216297 210624 241497 195751 201551 228085 200869 179256 205316 233879 207123 248643 214750 205521 216024 208669 219397 204947 202030 224079 247923 217665 214249 199084 245150 209645 198243 223039 198051 204048 226359 189998 219665 225450 212612 211463 220970 226907 220979 217383 194601 217810 241359 217889 223725 207913 204353 217778 219328 225518 210626 222260 195340 220118 218263 223683 228994 237482 238842 204208 228746 229796 228094 213505 205750 215371 221484 180350 222782 202224 222446 220370 208744 227544 204120 215644 204126 212198 230635 232816 224612 215722 247216 221557 205085 
218136 234900 237078 229290 259625 216663 231494 249307 253311 230812 208522 218914 246205 233452 210728 218475 236688 240895 215287 214303 245742 215901 200490 230164 264856 236870 257650 252346 235052 230289 250346 231533 230887 224588 233967 246941 258590 237026 230163 237292 221848 207758 247790 206074 228416 244259 217680 234539 244320 233586 231951 247243 229265 243377 233826 201982 226117 243150 229475 241250 217130 233589 230017 220068 236330 227998 236800 207812 248107 223781 222649 205547 249791 242434 209715 233172 229773 225783 226464 230628 215825 227484 211922 245592 225038 216040 226247 222268 241289 230296 246612 214802 230294 243970 244770 230807 224867 238311 225784 219248 
244107 298759 266024 254238 295001 241212 258728 286267 304054 253886 240190 268760 266664 272545 253557 260742 268502 291163 240431 250195 294624 253464 233533 264627 298072 282540 302653 289000 240889 279991 282263 266527 248847 266937 276920 306852 291079 265342 269672 269708 258142 239662 287433 231353 288083 285501 261085 266068 267731 285792 275785 282151 264961 280497 263673 255341 268294 275138 256849 272320 243908 257227 279347 254415 280943 255634 273873 265400 268519 271869 274300 246518 282681 269707 248286 273014 270249 280707 276676 281610 262262 269705 248615 263840 259970 260549 263961 256016 272487 289358 288548 260542 257465 283711 267795 274471 254722 274554 285009 252950 
207714 249022 242131 241001 261926 223669 239595 263909 273494 231943 233192 235905 250240 248992 220653 233965 231546 265099 219371 205247 262408 242316 223921 228139 275168 228379 259314 264836 223014 246012 253705 242489 231174 237523 245875 268156 260236 257093 239463 256342 225808 219660 254895 217485 246860 262161 219037 238327 245578 251327 240153 263942 250996 242645 242938 219126 238212 244811 222083 226877 236783 243579 258434 222308 254661 236196 246083 222505 245315 226318 254390 236300 265468 255370 223524 234022 242906 253327 245677 240432 238318 239142 217715 252310 250639 239228 242592 236965 233629 246141 261832 232938 216553 254821 246838 236247 229675 258608 247281 230938 
215657 230359 242926 232168 260919 213882 220381 235187 267463 224079 221462 221627 229100 252432 213938 225392 232528 257966 228796 223470 247334 240060 212794 230122 265743 231573 256174 235246 220832 253658 250987 231999 231634 240082 214327 251832 269305 251602 239286 249686 222242 211390 238538 208156 243907 259237 219048 233317 220878 246706 212431 255077 239859 244562 230776 206630 248304 223998 224962 240323 241312 232344 230808 228160 236696 229506 240870 214908 238351 226115 246946 192360 263735 242771 217688 212474 248410 234630 231178 231067 219892 236483 211069 247566 232662 234952 216930 215648 241913 243797 257361 222848 214259 236397 240845 232916 226946 236645 234688 220745 
242127 252706 264864 246792 297779 233773 244131 263939 289732 242749 241783 237842 270740 265560 240002 250567 244236 288484 242180 236816 259552 243481 233173 251530 273709 278727 270707 261958 253623 258571 258744 255642 245530 273072 256278 291273 275649 256545 256637 250025 238964 234568 253824 212367 262228 279585 253578 241310 278899 267998 245449 274072 265605 261980 245989 235864 262556 263053 260356 253780 252153 241696 251142 259867 262687 254697 280690 248269 255590 255799 251876 233632 289714 265566 244158 257190 265552 255162 267855 273762 252144 263771 234844 265945 249410 239886 235260 226665 257513 272008 269817 259837 241035 267573 245338 253919 259602 279129 252276 249113 
210412 240243 242263 207050 257459 208716 219808 233358 273539 219965 214653 205507 235687 238091 222730 214285 219254 251626 209648 209692 250706 238887 206479 212506 255798 222287 253233 235970 230724 233412 240056 221700 228720 228738 230401 251284 261446 231998 232141 248877 209393 194516 246643 213502 242729 249795 208410 227748 242616 248373 225183 229489 246381 241341 229228 199535 222879 234522 221837 210325 213728 233415 236092 213819 233805 233277 222090 216818 243456 221091 240797 222551 244210 238457 213542 229116 234319 253314 222839 238725 236974 244846 204274 241366 209539 215266 226045 218465 237147 235665 245051 232009 205664 249056 235210 215976 223536 247198 246809 213820 
212538 258073 245806 254684 263852 238411 251396 255746 284238 245333 238040 255118 250998 264302 226843 236640 241903 291567 231046 218749 272738 233540 222482 252876 292711 267306 288542 246596 223694 262248 251882 231694 232870 254948 250231 288861 259998 248884 247091 274876 245835 227035 249744 246771 258706 265248 235193 245095 258141 251513 225028 251511 259719 266889 254347 228875 253387 272598 243185 252401 231558 235827 261011 252516 260249 234145 252871 225713 251495 247782 269608 242575 273773 269637 229094 240578 254410 249323 265260 244620 232988 244337 217474 255067 257568 249021 242066 235529 254772 241886 242999 231235 235563 266543 249833 239618 237167 253676 255380 235935 
215220 256524 264474 232881 262465 231542 250485 273922 276671 228738 233313 237177 249737 261248 228696 247289 233289 267360 217502 231806 267025 239899 231662 242203 285996 243432 274896 257351 235183 254431 256846 246787 223555 250625 237720 263253 265632 244038 245879 259184 234887 229252 281231 231350 241809 280325 239397 244437 254998 255312 236732 261112 248450 259999 248567 221707 256573 263647 242781 243501 235575 251112 240957 251176 259319 241677 246929 216392 263102 240880 263572 223714 273029 254380 225706 249512 254610 257764 246428 256433 233930 258608 234025 257438 239951 242547 247479 239970 240809 255775 265129 232379 224790 250031 259091 239179 251185 269646 253725 232795 
